time,x
0,1096
544,544
1092,548
1636,544
2176,540
2724,548
3268,544
3808,540
4404,596
4892,488
5432,540
6024,592
6516,492
7056,540
7600,544
8136,536
8680,544
9224,544
9764,540
10352,588
10840,488
11380,540
11920,540
12452,532
13040,588
13528,488
14060,532
14596,536
15132,536
15672,540
16212,540
16748,536
17292,544
17836,544
18376,540
18900,524
19440,540
19964,524
20496,532
21028,532
21556,528
