time,x,y
0,1096,0
544,544,0
1092,548,0
1636,544,0
2176,540,0
2724,548,1
3268,544,1
3808,540,1
4404,596,1
4892,488,1
5432,540,1
6024,592,1
6516,492,1
7056,540,1
7600,544,1
8136,536,1
8680,544,1
9224,544,1
9764,540,1
10352,588,1
10840,488,1
11380,540,1
11920,540,1
12452,532,1
13040,588,1
13528,488,1
14060,532,1
14596,536,1
15132,536,1
15672,540,1
16212,540,1
16748,536,1
17292,544,1
17836,544,0
18376,540,0
18900,524,0
19440,540,0
19964,524,0
20496,532,0
21028,532,0
21556,528,0
