time,x
0,260
220,220
584,364
824,240
960,136
1280,320
1564,284
1864,300
2064,200
2304,240
2464,160
2664,200
2920,256
3180,260
3560,380
3840,280
3900,60
4140,240
4520,380
4640,120
5100,460
5180,80
5384,204
5844,460
6060,216
6120,60
6480,360
6664,184
7044,380
7184,140
7524,340
7844,320
8044,200
8304,260
8524,220
8804,280
9024,220
9184,160
9544,360
9804,260
9864,60
10304,440
10524,220
10604,80
11044,440
11204,160
11544,340
11604,60
11864,260
12064,200
12544,480
12564,20
13044,480
13164,120
13544,380
13664,120
13824,160
14044,220
14524,480
14544,20
14924,380
15204,280
15464,260
15604,140
15808,204
16044,236
16528,484
16548,20
16988,440
17168,180
17508,340
17768,260
17868,100
18048,180
18268,220
18528,260
18908,380
19048,140
19288,240
19528,240
19888,360
20048,160
20308,260
20528,220
20828,300
21048,220
21308,260
21588,280
21908,320
22108,200
22268,160
22568,300
22828,260
23048,220
23228,180
23528,300
23888,360
24108,220
24408,300
24568,160
24868,300
25108,240
25248,140
25592,344
25872,280
26108,236
26208,100
26552,344
26872,320
27112,240
27252,140
27652,400
27932,280
28112,180
28232,120
28592,360
28752,160
29112,360
29272,160
29512,240
29892,380
29932,40
30252,320
30612,360
30792,180
31052,260
31292,240
31492,200
31812,320
31952,140
32392,440
32632,240
32772,140
33072,300
33252,180
33632,380
33732,100
34076,344
34276,200
34576,300
34632,56
34892,260
35232,340
35612,380
35832,220
35892,60
36592,700
37052,460
37252,200
37872,620
38612,740
39252,640
39752,500
39972,220
40492,520
40716,224
40992,276
41056,64
41356,300
41696,340
41996,300
42056,60
42496,440
42756,260
42816,60
43076,260
43436,360
43576,140
43996,420
44176,180
44496,320
44556,60
44816,260
45056,240
45316,260
45676,360
45976,300
46176,200
46476,300
46636,160
46856,220
47056,200
47476,420
47596,120
47976,380
48056,80
48276,220
48656,380
48936,280
49076,140
49476,400
49660,184
49976,316
50056,80
50320,264
50476,156
50980,504
51076,96
51480,404
51720,240
51780,60
52060,280
52440,380
52500,60
52960,460
53080,120
53460,380
53540,80
53860,320
54060,200
54220,160
54560,340
54820,260
55060,240
55300,240
55460,160
55920,460
56060,140
56260,200
56640,380
56820,180
57060,240
57340,280
58040,700
58744,704
59064,320
59284,220
59584,300
60064,480
60184,120
60444,260
60844,400
61064,220
61204,140
61544,340
61904,360
62084,180
62264,180
62464,200
62904,440
62964,60
63244,280
63624,380
63664,40
64144,480
64304,160
64524,220
64724,200
65064,340
65164,100
65444,280
65688,244
66068,380
66168,100
66428,260
66788,360
67068,280
67148,80
67448,300
67788,340
68068,280
68148,80
68528,380
68788,260
69068,280
69188,120
69448,260
69608,160
69928,320
70068,140
70568,500
70612,44
70868,256
71268,400
71428,160
72008,580
72432,424
72712,280
72852,140
73352,500
73732,380
74052,320
74092,40
74432,340
74732,300
74792,60
75072,280
75432,360
75772,340
75932,160
76152,220
76412,260
76732,320
76792,60
77072,280
77516,444
78212,696
78416,204
78836,420
79076,240
79416,340
79556,140
79916,360
80076,160
80296,220
80556,260
80996,440
81076,80
81416,340
81656,240
81916,260
82076,160
82356,280
82536,180
82916,380
83776,860
84080,304
84460,380
84520,60
84840,320
85080,240
85400,320
85700,300
85860,160
86080,220
86400,320
86540,140
86900,360
87080,180
87240,160
87460,220
87700,240
88080,380
88660,580
88900,240
88980,80
89300,320
89984,684
90384,400
90684,300
91084,400
91424,340
91584,160
91904,320
92064,160
92384,320
92584,200
92764,180
93084,320
93164,80
93464,300
93764,300
94144,380
94164,20
94464,300
94844,380
95084,240
95164,80
95564,400
95884,320
95904,20
96324,420
96968,644
97384,416
97684,300
98088,404
98168,80
98384,216
98708,324
98928,220
99328,400
99388,60
99788,400
100088,300
100228,140
100488,260
100688,200
100888,200
101188,300
101368,180
101728,360
101868,140
102088,220
102568,480
102608,40
102928,320
103248,320
103368,120
103588,220
103972,384
104088,116
104368,280
104668,300
104868,200
105188,320
105308,120
106008,700
106692,684
107092,400
107372,280
107952,580
108072,120
108352,280
108772,420
109172,400
109452,280
109712,260
109932,220
110152,220
110432,280
110552,120
110852,300
111092,240
111352,260
111576,224
111852,276
112232,380
112932,700
113096,164
113616,520
113856,240
114096,240
114356,260
114856,500
114996,140
115356,360
115736,380
116096,360
116416,320
116436,20
116836,400
117096,260
117396,300
117460,64
117780,320
118416,636
118460,44
119096,636
119760,664
120100,340
120440,340
120840,400
121100,260
121840,740
122100,260
122180,80
122480,300
122840,360
123100,260
123200,100
123820,620
124320,500
124500,180
125104,604
125180,76
125824,644
126104,280
126324,220
126504,180
127104,600
127224,120
127824,600
128104,280
128504,400
128864,360
129104,240
129184,80
129844,660
130104,260
130528,424
131188,660
131908,720
132108,200
132528,420
133068,540
133248,180
133328,80
133608,280
133912,304
134108,196
134308,200
134548,240
134808,260
135228,420
135908,680
136108,200
136588,480
137268,680
137932,664
138292,360
138372,80
138612,240
138952,340
139112,160
139352,240
139652,300
139972,320
140112,140
140312,200
140652,340
140792,140
141376,584
141996,620
142716,720
142996,280
143116,120
143356,240
143516,160
143796,280
144036,240
144296,260
144716,420
145116,400
145416,300
146080,664
146760,680
147100,340
147440,340
147780,340
148120,340
148280,160
148640,360
148840,200
149120,280
149220,100
149520,300
150864,1344
151484,620
152884,1400
153104,220
153204,100
153504,300
153884,380
154104,220
154224,120
154864,640
155544,680
156108,564
156224,116
156848,624
157108,260
157568,460
157768,200
158108,340
158928,820
159108,180
159608,500
159652,44
160352,700
160392,40
160772,380
161012,240
161112,100
161632,520
162356,724
162976,620
163652,676
164116,464
164332,216
164996,664
165676,680
166116,440
166356,240
167056,700
167736,680
168200,464
168420,220
169100,680
169740,640
169840,100
170120,280
170460,340
170740,280
171740,1000
171840,100
172120,280
172504,384
172740,236
173224,484
173860,636
174124,264
174284,160
174524,240
175204,680
175864,660
176124,260
176544,420
177124,580
177204,80
177864,660
178124,260
178544,420
179128,584
179208,80
179888,680
180128,240
180228,100
180548,320
181128,580
181228,100
181892,664
182128,236
182568,440
183132,564
184132,1000
184192,60
184592,400
185132,540
185312,180
185932,620
186612,680
187276,664
187956,680
188196,240
188636,440
189316,680
189996,680
190136,140
190680,544
191140,460
191356,216
192020,664
192700,680
193100,400
193140,40
193420,280
193700,280
194040,340
194704,664
195124,420
195424,300
196044,620
197144,1100
197384,240
197804,420
198044,240
198088,44
198748,660
199368,620
200028,660
200688,660
201128,440
201408,280
202008,600
202348,340
202628,280
202728,100
203348,620
203992,644
204652,660
205312,660
205972,660
206132,160
206632,500
207132,500
207292,160
208612,1320
208976,364
209156,180
209276,120
209936,660
210136,200
210596,460
211276,680
211936,660
212600,664
213140,540
213260,120
213840,580
214160,320
214220,60
214644,424
214660,16
215140,480
215220,80
215884,664
215940,56
216144,204
216644,500
216664,20
217124,460
217144,20
217464,320
217724,260
217944,220
218224,280
218604,380
218648,44
219228,580
219528,300
219648,120
219988,340
220228,240
220548,320
220628,80
221048,420
221148,100
221368,220
221648,280
221968,320
222228,260
222688,460
223352,664
223372,20
223632,260
224012,380
224152,140
224552,400
224632,80
225052,420
225132,80
225352,220
225976,624
226136,160
226636,500
227136,500
227356,220
227996,640
228136,140
228716,580
229336,620
230020,684
230060,40
230696,636
231120,424
231360,240
231620,260
232040,420
232720,680
233160,440
233400,240
234080,680
234604,524
234744,140
235424,680
235624,200
236104,480
236804,700
237468,664
238208,740
238608,400
238848,240
239528,680
240208,680
240268,60
240908,640
241592,684
242152,560
242272,120
242952,680
243672,720
243692,20
244152,460
244372,220
244592,220
244996,404
245456,460
246096,640
246376,280
246596,220
246756,160
247096,340
247156,60
247596,440
247736,140
248156,420
248416,260
249116,700
249160,44
249820,660
250080,260
250160,80
250520,360
251080,560
251160,80
251580,420
251920,340
252160,240
253080,920
253344,264
254044,700
254164,120
254584,420
254684,100
255084,400
255164,80
255364,200
256064,700
256748,684
257168,420
257428,260
258128,700
258348,220
258568,220
258868,300
259168,300
260248,1080
260892,644
261172,280
262172,1000
262272,100
263172,900
263652,480
264396,744
265036,640
265736,700
266176,440
266460,284
266556,96
267160,604
267780,620
268160,380
268480,320
269180,700
269540,360
269880,340
270564,684
271184,620
271324,140
271964,640
273404,1440
274044,640
274788,744
275428,640
276128,700
276812,684
277512,700
278272,760
278912,640
279172,260
279612,440
280312,700
280996,684
281176,180
281536,360
281740,204
282440,700
283080,640
283780,700
284020,240
284180,160
284520,340
285020,500
285520,500
285860,340
286180,320
287284,1104
287524,240
288184,660
288604,420
289304,700
289348,44
289988,640
290188,200
290688,500
291188,500
291368,180
292068,700
292792,724
293188,396
293432,244
294112,680
294792,680
296152,1360
296632,480
297176,544
298256,1080
299276,1020
299616,340
300280,664
300696,416
300760,64
301580,820
302260,680
302940,680
303280,340
303664,384
304984,1320
305184,200
305664,480
306404,740
307044,640
307184,140
307484,300
307724,240
308184,460
308424,240
309088,664
309768,680
310188,420
310508,320
311188,680
311808,620
312188,380
312488,300
313168,680
313848,680
314192,344
314572,380
314952,380
315452,500
315912,460
316192,280
316552,360
317916,1364
318196,280
318616,420
319316,700
319456,140
320056,600
320196,140
320696,500
321380,684
322060,680
322760,700
323200,440
323460,260
324140,680
324860,720
325200,340
325560,360
326304,744
326944,640
327204,260
327644,440
328204,560
328404,200
329044,640
329788,744
330208,420
330428,220
330568,140
331168,600
331828,660
332208,380
332528,320
333148,620
333828,680
334192,364
334512,320
335192,680
335232,40
335872,640
335992,120
336212,220
336532,320
337272,740
337896,624
338196,300
338576,380
338916,340
339296,380
339416,120
339916,500
340600,684
341276,676
341960,684
342200,240
342620,420
343300,680
343980,680
344664,684
345344,680
346024,680
346204,180
346404,200
346724,320
347204,480
347404,200
348104,700
348788,684
349208,420
349528,320
350168,640
350848,680
351508,660
352172,664
352832,660
353212,380
353492,280
354152,660
354852,700
355536,684
356216,680
356916,700
357216,300
357616,400
358216,600
358316,100
359020,704
359736,716
360220,484
360456,236
361160,704
361220,60
361880,660
362220,340
362580,360
363320,740
364040,720
364764,724
365224,460
365484,260
366184,700
366224,40
367604,1380
368308,704
369008,700
369228,220
369708,480
370228,520
370428,200
371128,700
371832,704
372212,380
372552,340
373332,780
373852,520
373992,140
374232,240
374692,460
375232,540
375456,224
376116,660
376816,700
377216,400
377516,300
378220,704
378920,700
379620,700
380336,716
381020,684
381220,200
381740,520
382440,700
383140,700
383844,704
384224,380
384324,100
384544,220
385244,700
385304,60
385944,640
386224,280
386324,100
386644,320
387224,580
387404,180
388044,640
388328,284
388748,420
388788,40
389228,440
389448,220
389808,360
390148,340
390328,180
390912,584
391228,316
391568,340
392972,1404
393012,40
393232,220
393672,440
394352,680
395056,704
395752,696
396236,484
396456,220
397156,700
397896,740
398236,340
398536,300
399236,700
399920,684
400240,320
400600,360
401340,740
401980,640
402660,680
403344,684
404024,680
404244,220
404724,480
405244,520
405464,220
406104,640
406788,684
407528,740
408148,620
408832,684
409512,680
410192,680
410872,680
411532,660
412216,684
412896,680
413236,340
413576,340
414256,680
414936,680
415256,320
415596,340
416340,744
416960,620
417240,280
417640,400
418320,680
419020,700
419260,240
419704,444
420384,680
421084,700
421244,160
421764,520
422464,700
423164,700
423848,684
424248,400
424548,300
425228,680
425908,680
426592,684
427972,1380
428252,280
428652,400
429332,680
430016,684
430252,236
430696,444
431376,680
432056,680
432236,180
432736,500
433256,520
433416,160
434116,700
434256,140
434800,544
435240,440
435500,260
436200,700
436880,680
437600,720
437644,44
438304,660
439004,700
439704,700
440444,740
441084,640
441844,760
442484,640
443188,704
443888,700
444428,540
445288,860
445972,684
446672,700
447352,680
448032,680
449416,1384
450132,716
450816,684
451196,380
451276,80
451536,260
452296,760
452936,640
453660,724
454360,700
455060,700
455260,200
455780,520
456480,700
457184,704
457884,700
458264,380
458584,320
459344,760
460004,660
460704,700
461404,700
462088,684
462268,180
462808,540
463268,460
463488,220
464208,720
464908,700
465592,684
466272,680
466992,720
467272,280
467692,420
468376,684
469076,700
469276,200
469756,480
470276,520
470456,180
471156,700
471856,700
472540,684
473220,680
473920,700
474620,700
475280,660
476000,720
476764,764
477404,640
478284,880
478808,524
479508,700
479568,60
480208,640
480268,60
480648,380
480888,240
481148,260
481288,140
481592,304
482972,1380
483016,44
483272,256
483652,380
484392,740
485032,640
485272,240
485716,444
486416,700
487096,680
487276,180
487796,520
488476,680
489160,684
489860,700
490280,420
490540,260
491240,700
491620,380
491920,300
492280,360
492680,400
494004,1324
494284,280
494744,460
495284,540
495404,120
496084,680
496784,700
497288,504
497468,180
498208,740
498848,640
499288,440
499528,240
500228,700
500912,684
501292,380
501612,320
502292,680
503012,720
503696,684
504396,700
505096,700
505776,680
506296,520
506476,180
507216,740
507856,640
508540,684
509140,600
509940,800
510300,360
510680,380
511380,700
512020,640
512704,684
513404,700
514164,760
514304,140
514824,520
515544,720
516264,720
516968,704
517688,720
518388,700
519088,700
519308,220
519788,480
520508,720
521212,704
521912,700
521952,40
522292,340
522656,364
523312,656
523996,684
524696,700
525392,696
526076,684
526296,220
526776,480
527296,520
527456,160
528200,744
528856,656
529300,444
529540,240
530220,680
530920,700
531604,684
532300,696
532984,684
533304,320
533664,360
535024,1360
535704,680
536388,684
537068,680
537308,240
537748,440
538428,680
539128,700
539308,180
539812,504
540492,680
541192,700
541312,120
541892,580
542572,680
543256,684
543956,700
544636,680
545316,680
546020,704
546716,696
547420,704
548120,700
548320,200
548820,500
549520,700
550260,740
550964,704
551684,720
552404,720
553108,704
553824,716
554588,764
555228,640
555928,700
556328,400
556632,304
557328,696
558032,704
558312,280
558712,400
559312,600
559472,160
560112,640
560156,44
560812,656
561496,684
562196,700
562876,680
563576,700
563620,44
564260,640
564956,696
565640,684
566340,700
567040,700
567744,704
568444,700
569144,700
569324,180
569844,520
570544,700
571268,724
572048,780
572708,660
573428,720
574128,700
574888,760
575552,664
576252,700
576952,700
577672,720
578432,760
579076,644
579316,240
579796,480
580336,540
581180,844
581880,700
582580,700
583280,700
584020,740
584664,644
585404,740
586044,640
586724,680
587444,720
588148,704
588848,700
589328,480
589568,240
590288,720
591008,720
591728,720
592432,704
593152,720
593852,700
594572,720
595296,724
595996,700
596716,720
597436,720
598140,704
598876,736
599580,704
600300,720
601000,700
601720,720
602424,704
603144,720
603844,700
604564,720
605264,700
605988,724
606708,720
607428,720
608148,720
608348,200
608848,500
609348,500
609588,240
610312,724
611052,740
611792,740
612352,560
612512,160
613232,720
613952,720
614656,704
615436,780
616096,660
616796,700
617520,724
618956,1436
619640,684
620360,720
621060,700
621744,684
622464,720
623164,700
623344,180
623864,520
624584,720
625304,720
626024,720
626728,704
627448,720
628168,720
628868,700
629592,724
630312,720
631032,720
631352,320
631752,400
632452,700
633172,720
633872,700
634356,484
634576,220
635276,700
635976,700
636356,380
636676,320
637356,680
638080,724
638796,716
639340,544
639500,160
640200,700
640340,140
640940,600
641340,400
641604,264
642320,716
642784,464
643744,960
644444,700
645144,700
645848,704
646548,700
647248,700
647948,700
648648,700
649368,720
650072,704
650788,716
651492,704
652212,720
652372,160
653632,1260
654332,700
655032,700
655736,704
656476,740
657116,640
657376,260
657836,460
658536,700
659256,720
659956,700
660660,704
661380,720
662080,700
662800,720
663520,720
663564,44
664224,660
664944,720
665644,700
666364,720
667068,704
667788,720
668508,720
669228,720
669368,140
669968,600
670668,700
672128,1460
672832,704
673552,720
674252,700
674972,720
675676,704
676392,716
677096,704
677796,700
678496,700
679200,704
679960,760
680620,660
681340,720
682060,720
682780,720
683500,720
684220,720
684944,724
685384,440
685664,280
686384,720
687084,700
687804,720
688508,704
689228,720
689928,700
690648,720
691368,720
692072,704
692772,700
693492,720
694232,740
694952,720
695712,760
696452,740
697192,740
697396,204
697936,540
698396,460
698656,260
699376,720
700116,740
700396,280
700816,420
701396,580
701536,140
702240,704
702940,700
703400,460
703680,280
705120,1440
705840,720
706560,720
707264,704
707984,720
708704,720
710144,1440
710848,704
711564,716
712268,704
712828,560
713708,880
715132,1424
715832,700
716532,700
717272,740
717992,720
718532,540
719496,964
720176,680
720916,740
721636,720
722356,720
722896,540
723800,904
724520,720
725240,720
725960,720
726680,720
727384,704
728104,720
728404,300
728824,420
729404,580
729544,140
730264,720
730968,704
731748,780
732408,660
733108,700
733808,700
734508,700
735192,684
735892,700
736572,680
737272,700
737976,704
738672,696
