time,x,y
0,632,0
1332,1332,0
1812,480,0
2576,764,0
2716,140,0
3220,504,0
3856,636,0
4136,280,0
4156,20,0
4416,260,0
4756,340,0
4916,160,0
5172,256,0
5536,364,0
5852,316,0
6456,604,0
6836,380,0
7116,280,0
7816,700,0
8424,608,0
8716,292,0
9076,360,0
10396,1320,0
10720,324,0
11048,328,0
11712,664,0
12360,648,0
12716,356,0
13064,348,0
13672,608,0
14316,644,0
14720,404,0
14976,256,0
15632,656,0
16276,644,0
16932,656,0
17592,660,0
18236,644,0
18896,660,0
19556,660,0
20160,604,0
20864,704,0
21524,660,0
22176,652,0
22832,656,0
23548,716,0
24160,612,0
24724,564,0
25544,820,0
26152,608,0
26820,668,0
27540,720,0
28144,604,0
28860,716,0
29528,668,0
30132,604,0
30840,708,0
31444,604,0
32096,652,0
33404,1308,0
34044,640,0
34688,644,0
35328,640,0
36584,1256,0
37208,624,0
37824,616,0
38436,612,0
39044,608,0
39656,612,0
40284,628,0
40920,636,0
41564,644,0
42216,652,0
42864,648,0
43528,664,0
44888,1360,0
46136,1248,0
46836,700,0
47480,644,0
48072,592,0
49356,1284,0
49996,640,0
50628,632,0
51260,632,0
51904,644,0
52536,632,0
53168,632,0
53860,692,0
54488,628,0
55076,588,1
55700,624,1
56324,624,1
57004,680,1
57576,572,1
58212,636,1
58856,644,1
59504,648,0
59740,236,0
60180,440,0
60840,660,0
61508,668,0
62180,672,0
62840,660,0
63508,668,0
64164,656,0
64872,708,0
65480,608,0
66132,652,0
67436,1304,0
68080,644,0
68740,660,0
69436,696,0
70040,604,0
70692,652,0
71340,648,0
73356,2016,0
73960,604,0
74624,664,0
75296,672,0
75956,660,0
76632,676,1
77296,664,1
77968,672,1
78680,712,1
79304,624,1
79972,668,1
80640,668,1
81308,668,1
81964,656,1
82628,664,0
83280,652,0
83948,668,0
84604,656,0
85268,664,0
85928,660,0
86584,656,0
87244,660,0
87904,660,0
88568,664,0
89240,672,0
89896,656,0
90564,668,0
91224,660,0
91880,656,0
92544,664,0
93204,660,0
93908,704,0
94520,612,0
95876,1356,0
96472,596,0
97124,652,0
97764,640,0
98412,648,0
98968,556,0
99712,744,0
100368,656,0
101024,656,0
101676,652,0
102360,684,0
103044,684,0
103704,660,0
104372,668,0
105048,676,0
105712,664,0
106376,664,0
107052,676,0
107724,672,0
108376,652,0
109044,668,0
109708,664,0
110360,652,0
111032,672,0
111696,664,0
112352,656,0
113028,676,0
113700,672,0
114368,668,0
115048,680,0
115712,664,0
117052,1340,0
117772,720,0
120340,2568,0
120772,432,0
120996,224,0
121644,648,0
122300,656,0
122776,476,0
122944,168,0
123600,656,0
123776,176,0
124244,468,0
124884,640,0
125540,656,0
126232,692,0
126884,652,0
127496,612,0
128144,648,0
129452,1308,0
130104,652,0
130752,648,0
131404,652,0
132056,652,0
132704,648,0
133348,644,0
134000,652,0
134652,652,0
135288,636,0
135940,652,0
136588,648,0
137232,644,0
137888,656,0
138560,672,0
139212,652,0
139884,672,0
140552,668,0
141212,660,0
141892,680,0
142568,676,0
143224,656,0
143896,672,0
144556,660,0
145216,660,0
145880,664,0
146536,656,1
147192,656,1
147860,668,1
148512,652,1
149172,660,1
149884,712,1
150484,600,1
151140,656,1
151796,656,1
152444,648,1
153108,664,0
153768,660,0
154420,652,0
155080,660,0
155740,660,0
156392,652,0
157056,664,0
157708,652,0
158360,652,0
159028,668,0
159692,664,0
160360,668,0
161028,668,0
161684,656,0
162348,664,0
163008,660,0
163660,652,0
164320,660,0
164972,652,0
165628,656,0
166296,668,0
166948,652,0
167604,656,0
168260,656,0
168908,648,0
169564,656,0
170228,664,0
170880,652,0
171552,672,0
172272,720,0
172928,656,0
173532,604,0
174176,644,0
175448,1272,0
176072,624,0
176752,680,0
177336,584,0
177972,636,0
178620,648,0
179272,652,0
179916,644,0
180564,648,0
181260,696,0
181904,644,0
182500,596,0
183148,648,0
183800,652,0
184452,652,0
185100,648,0
185768,668,0
186432,664,0
187096,664,0
187772,676,0
188456,684,0
189128,672,0
189808,680,0
190536,728,0
191224,688,0
191920,696,0
192604,684,0
193312,708,0
193960,648,0
194636,676,0
195316,680,0
195988,672,0
196696,708,0
197324,628,0
198000,676,0
198720,720,0
199348,628,0
200016,668,0
200676,660,0
201348,672,0
202020,672,0
202580,560,0
203356,776,0
204024,668,0
204688,664,0
205244,556,0
206040,796,0
206704,664,0
207368,664,0
208028,660,0
208696,668,0
209360,664,1
210012,652,1
210672,660,1
211328,656,1
211972,644,1
212688,716,1
213308,620,1
213984,676,1
214688,704,1
215388,700,1
216076,688,1
216768,692,1
217452,684,1
218180,728,1
218812,632,1
219476,664,1
220140,664,1
220808,668,1
221460,652,1
222176,716,1
222792,616,1
223460,668,1
224140,680,1
224812,672,1
225480,668,0
226148,668,0
226824,676,0
227500,676,0
228028,528,0
229512,1484,0
230184,672,0
231520,1336,0
232204,684,0
232920,716,0
233416,496,0
234224,808,0
234932,708,0
235552,620,0
236220,668,0
236940,720,0
237424,484,0
238260,836,0
238936,676,0
239632,696,0
240312,680,0
241016,704,0
241708,692,0
242392,684,0
243100,708,0
243792,692,0
244468,676,0
245152,684,0
245820,668,0
246480,660,0
247152,672,0
247808,656,0
248472,664,0
249132,660,0
249784,652,0
250444,660,0
251104,660,0
251760,656,0
252428,668,0
253096,668,0
253752,656,0
254416,664,0
255120,704,0
255732,612,0
256400,668,0
257100,700,0
257708,608,0
258368,660,0
259688,1320,0
260348,660,0
261004,656,0
261664,660,0
262312,648,0
262968,656,0
263616,648,0
264264,648,0
264920,656,0
265564,644,0
266216,652,0
