time,x,y
0,216,0
392,392,0
944,552,0
1500,556,0
2000,500,0
3156,1156,0
3712,556,0
4264,552,0
4764,500,0
5364,600,0
5920,556,0
6476,556,0
7016,540,0
7576,560,0
8132,556,0
8636,504,0
9244,608,0
9744,500,0
10348,604,0
10904,556,0
11464,560,0
12016,552,0
12572,556,0
13128,556,0
13636,508,0
14244,608,0
14748,504,0
15356,608,0
15908,552,0
16472,564,0
17020,548,0
17580,560,0
18140,560,0
18700,560,0
19264,564,0
19820,556,0
20376,556,0
20944,568,0
21500,556,0
22008,508,0
22612,604,0
23168,556,0
23732,564,0
25400,1668,0
25960,560,0
26512,552,0
27016,504,0
27624,608,0
28128,504,0
28740,612,0
29300,560,0
29800,500,0
30408,608,0
30920,512,0
31528,608,0
32024,496,0
32636,612,0
33148,512,0
33704,556,0
34308,604,0
34812,504,0
35364,552,0
35972,608,0
36472,500,0
37024,552,0
37580,556,1
38140,560,1
38696,556,1
39296,600,1
39804,508,1
40360,556,1
40924,564,1
41480,556,0
42600,1120,0
43164,564,0
43776,612,0
44284,508,0
44840,556,0
45404,564,0
45960,556,0
46516,556,0
47128,612,0
47640,512,0
48808,1168,0
49368,560,0
49936,568,0
51616,1680,0
52176,560,0
52744,568,0
53300,556,0
54984,1684,0
55540,556,0
56612,1072,0
57172,560,0
57788,616,0
58348,560,0
58860,512,0
59420,560,0
60028,608,0
60584,556,0
61152,568,0
61652,500,0
62268,616,0
62824,556,0
63384,560,0
63944,560,0
64512,568,0
65020,508,0
65628,608,0
66140,512,0
66752,612,0
67040,288,0
67304,264,0
67808,504,0
68416,608,0
68976,560,0
69528,552,0
70036,508,0
70644,608,0
71144,500,0
71752,608,0
72312,560,0
72872,560,0
73424,552,0
73980,556,0
74540,560,0
75048,508,0
76216,1168,0
76728,512,0
77340,612,0
77896,556,0
78456,560,0
78964,508,0
79576,612,0
80632,1056,0
81196,564,0
81752,556,0
82304,552,0
82908,604,0
83408,500,0
83972,564,0
84572,600,0
85124,552,0
85680,556,0
86192,512,0
86796,604,0
87300,504,0
87904,604,0
88412,508,0
89044,632,0
89580,536,0
90140,560,0
90708,568,0
91212,504,0
91816,604,0
92368,552,0
92928,560,0
93488,560,0
94044,556,0
94596,552,0
95156,560,0
95720,564,0
96276,556,0
96832,556,0
97392,560,0
97960,568,0
98516,556,0
99072,556,0
99584,512,0
100152,568,0
100760,608,0
101316,556,0
101824,508,0
102440,616,0
102996,556,0
103552,556,0
104064,512,0
104676,612,0
105180,504,0
105740,560,0
106304,564,0
106356,52,0
106916,560,0
107420,504,0
107984,564,0
108548,564,0
109164,616,0
109672,508,0
110232,560,0
110800,568,0
111060,260,0
111364,304,0
111920,556,0
112056,136,0
112484,428,0
113056,572,0
113660,604,0
114168,508,0
114728,560,0
115296,568,0
115856,560,0
116468,612,0
117032,564,0
117548,516,0
118152,604,0
118664,512,0
119284,620,0
119848,564,0
120408,560,0
120972,564,0
121540,568,0
122048,508,0
122660,612,0
123220,560,0
123784,564,0
124340,556,0
125460,1120,0
126024,564,0
126532,508,0
127144,612,0
127656,512,0
128272,616,0
128832,560,0
129396,564,0
129964,568,0
130524,560,0
131032,508,0
131600,568,0
132168,568,0
132772,604,0
133336,564,0
133900,564,0
134460,560,0
135020,560,0
135588,568,0
136156,568,0
136664,508,0
137224,560,0
137788,564,0
138404,616,0
138960,556,0
139520,560,0
140088,568,0
140652,564,0
141160,508,0
141776,616,0
142292,516,0
142848,556,0
143464,616,0
144036,572,0
144596,560,0
145668,1072,0
146232,564,0
146840,608,0
147352,512,0
147916,564,0
148484,568,0
149084,600,0
149652,568,0
150168,516,0
150780,612,0
151340,560,0
151904,564,0
152476,572,0
152980,504,0
153596,616,0
154164,568,0
154684,520,0
155292,608,0
155860,568,0
156432,572,0
156992,560,0
157556,564,0
158072,516,0
158688,616,0
159200,512,0
159808,608,0
160372,564,0
160944,572,0
161452,508,0
162076,624,0
162640,564,0
163204,564,0
163768,564,0
164332,564,0
164896,564,0
165460,564,0
166024,564,0
166592,568,0
167088,496,0
167720,632,0
168284,564,0
168856,572,0
169416,560,0
170544,1128,0
171108,564,0
171676,568,0
172184,508,0
172796,612,0
173364,568,0
173924,560,0
174436,512,0
175044,608,0
175612,568,0
176728,1116,0
177244,516,0
177860,616,0
178424,564,0
178932,508,0
179548,616,0
180108,560,0
180668,560,0
181180,512,0
181796,616,0
182356,560,0
182916,560,0
183424,508,0
184040,616,0
184596,556,0
185100,504,0
185712,612,0
186280,568,0
186836,556,0
187392,556,0
188516,1124,0
189072,556,0
189632,560,0
190196,564,0
190704,508,0
191316,612,0
191876,560,0
192396,520,0
193008,612,0
193568,560,0
194080,512,0
194648,568,0
195208,560,0
195768,560,0
196380,612,0
196896,516,0
197500,604,0
198060,560,0
198568,508,0
199688,1120,0
200248,560,0
200860,612,0
201416,556,0
201972,556,0
202532,560,0
203100,568,0
203652,552,0
204212,560,0
204776,564,0
205340,564,0
205892,552,0
206456,564,0
207020,564,0
207584,564,0
208708,1124,0
209224,516,0
209832,608,0
210388,556,0
210952,564,0
211516,564,0
212076,560,0
212636,560,0
213200,564,0
213764,564,0
214320,556,0
214880,560,0
215448,568,0
216012,564,0
216568,556,0
217128,560,0
217700,572,0
218208,508,0
218820,612,0
219380,560,0
219944,564,0
220504,560,0
221064,560,0
221572,508,0
222744,1172,0
223252,508,0
223816,564,0
224428,612,0
224936,508,0
225500,564,0
226064,564,0
226624,560,0
227232,608,0
227744,512,0
228312,568,0
228924,612,0
229436,512,0
230000,564,0
230568,568,0
231128,560,0
231692,564,0
232260,568,0
232828,568,0
233384,556,0
233952,568,0
234520,568,0
235128,608,0
235692,564,0
236204,512,0
236824,620,0
237384,560,0
237896,512,0
238508,612,0
239072,564,0
239628,556,0
240132,504,0
240752,620,0
241312,560,0
241816,504,0
242432,616,0
242996,564,0
243556,560,0
244124,568,0
244692,568,0
245260,568,0
246392,1132,0
246968,576,0
247532,564,0
248096,564,0
248668,572,0
249236,568,0
249792,556,0
250296,504,0
250912,616,0
251468,556,0
252020,552,0
252580,560,0
253136,556,0
253688,552,0
254252,564,0
254808,556,0
255368,560,0
255924,556,0
256484,560,0
257044,560,0
257600,556,0
258672,1072,0
259240,568,0
259848,608,0
260408,560,0
260972,564,0
261532,560,0
262088,556,0
262652,564,0
263764,1112,0
264268,504,0
264876,608,0
265432,556,0
265988,556,0
266544,556,0
267104,560,0
267656,552,0
268216,560,0
268776,560,0
269340,564,0
269896,556,0
270456,560,0
271020,564,0
271576,556,0
272088,512,0
272704,616,0
273264,560,0
273824,560,0
274388,564,0
274952,564,0
275516,564,0
276076,560,0
276636,560,0
277148,512,0
277756,608,0
278320,564,0
278884,564,0
279440,556,0
279948,508,0
280556,608,0
281116,560,0
281672,556,0
282236,564,0
282800,564,0
283364,564,0
283920,556,0
284484,564,0
285048,564,0
285616,568,0
286744,1128,0
287312,568,0
287884,572,0
288448,564,0
289012,564,0
289584,572,0
290152,568,0
290720,568,0
291288,568,0
291860,572,0
292420,560,0
292992,572,0
293564,572,0
294128,564,0
294692,564,0
295260,568,0
295832,572,0
296396,564,0
296960,564,0
297480,520,0
298100,620,0
298668,568,0
299804,1136,0
300372,568,0
300936,564,0
301504,568,0
302076,572,0
302644,568,0
303160,516,0
303784,624,0
304304,520,0
304920,616,0
305492,572,0
306064,572,0
306632,568,0
307148,516,0
307764,616,0
308284,520,0
308900,616,0
309464,564,0
310032,568,0
310596,564,0
311156,560,0
311668,512,0
312288,620,0
312848,560,0
313408,560,0
313972,564,0
314540,568,0
315096,556,0
315660,564,0
316168,508,0
316784,616,0
317344,560,0
317908,564,0
318164,256,0
318472,308,0
319032,560,0
319592,560,0
320160,568,0
320664,504,0
321272,608,0
321836,564,0
322404,568,0
322912,508,0
323472,560,0
324092,620,0
324652,560,0
325160,508,0
325772,612,0
326336,564,0
326892,556,0
327456,564,0
328016,560,0
328576,560,0
329132,556,0
329640,508,0
330256,616,0
330808,552,0
331316,508,0
331928,612,0
332492,564,0
333048,556,0
333608,560,0
334128,520,0
334740,612,0
335300,560,0
335868,568,0
336432,564,0
336992,560,0
337560,568,0
338124,564,0
338688,564,0
339252,564,0
339812,560,0
340380,568,0
340944,564,0
341500,556,0
342064,564,0
342624,560,0
343184,560,0
343744,560,0
344312,568,0
344872,560,0
345436,564,0
345996,560,0
346572,576,0
347136,564,0
347696,560,0
348268,572,0
348832,564,0
349396,564,0
349956,560,0
350528,572,0
351096,568,0
351604,508,0
352172,568,0
352788,616,0
353348,560,0
353908,560,0
354468,560,0
355036,568,0
355596,560,0
356156,560,0
356724,568,0
357288,564,0
357844,556,0
358408,564,0
358924,516,0
359536,612,0
360096,560,0
360668,572,0
361184,516,0
361796,612,0
362364,568,0
362932,568,0
363500,568,0
364060,560,0
364572,512,0
365188,616,0
365744,556,0
366300,556,0
366860,560,0
367376,516,0
367984,608,0
368544,560,0
369056,512,0
369668,612,0
370176,508,0
370784,608,0
371300,516,0
371908,608,0
372464,556,0
373020,556,0
373584,564,0
374140,556,0
374700,560,0
375268,568,0
375828,560,0
376348,520,0
376920,572,0
377484,564,0
378048,564,0
378668,620,0
379192,524,0
379804,612,0
380372,568,0
380944,572,0
381512,568,0
382072,560,0
382640,568,0
383208,568,0
383772,564,0
384340,568,0
384852,512,0
385472,620,0
386032,560,0
386600,568,0
387168,568,0
387732,564,0
388292,560,0
388808,516,0
389428,620,0
389992,564,0
390556,564,0
391124,568,0
391684,560,0
392196,512,0
392804,608,0
393316,512,0
393920,604,0
394436,516,0
395048,612,0
395608,560,0
396168,560,0
396680,512,0
397292,612,0
397800,508,0
398360,560,0
398972,612,0
399520,548,0
400084,564,0
400640,556,0
401200,560,0
401744,544,0
402304,560,0
402860,556,0
403408,548,0
403964,556,0
404516,552,0
405072,556,0
405620,548,0
406176,556,0
406732,556,0
407284,552,0
407836,552,0
408344,508,0
408948,604,0
409500,552,0
410056,556,0
410568,512,0
411168,600,0
411668,500,0
412220,552,0
412832,612,0
413384,552,0
413936,552,0
414444,508,0
415052,608,0
415552,500,0
416112,560,0
416676,564,0
417220,544,0
417788,568,0
418348,560,0
418912,564,0
419472,560,0
420024,552,0
420640,616,1
421212,572,1
421728,516,1
422344,616,1
422904,560,1
423468,564,1
424032,564,1
424600,568,0
425156,556,0
425720,564,0
426224,504,0
426840,616,0
427352,512,0
427960,608,0
428460,500,0
429068,608,0
429624,556,0
430180,556,0
430732,552,0
431232,500,0
431840,608,0
432396,556,0
432948,552,0
433448,500,0
434000,552,0
434604,604,0
435160,556,0
435712,552,0
436216,504,0
436816,600,0
437320,504,0
437928,608,0
438432,504,0
439032,600,0
439584,552,0
440140,556,0
440696,556,0
441812,1116,0
442316,504,0
442928,612,0
443432,504,0
444036,604,0
444596,560,0
445156,560,0
445712,556,0
446220,508,0
446824,604,0
447384,560,0
448500,1116,0
449008,508,0
449612,604,0
450176,564,0
450732,556,0
451236,504,0
451852,616,0
452356,504,0
452912,556,0
453524,612,0
454076,552,0
454632,556,0
455192,560,0
455748,556,0
456300,552,0
456856,556,0
457412,556,0
457972,560,0
458524,552,0
459084,560,0
459648,564,0
460204,556,0
460760,556,0
461324,564,0
461884,560,0
462392,508,0
463000,608,0
463564,564,0
464124,560,0
464680,556,0
465236,556,0
465796,560,0
466356,560,0
467464,1108,0
468020,556,0
468580,560,0
469128,548,0
469684,556,0
470240,556,0
470800,560,0
471348,548,0
472460,1112,0
473012,552,0
473560,548,0
474112,552,0
474668,556,0
475216,548,0
475768,552,0
476324,556,0
476872,548,0
477368,496,0
477968,600,0
478520,552,0
479016,496,0
479564,548,0
480164,600,0
480712,548,0
481212,500,0
481764,552,0
482368,604,0
482864,496,0
483416,552,0
483972,556,0
484520,548,0
485072,552,0
485624,552,0
486176,552,0
486720,544,0
487820,1100,0
488416,596,0
488964,548,0
489460,496,0
490060,600,0
490600,540,0
491096,496,0
491648,552,0
492244,596,0
492788,544,0
493336,548,0
493708,372,0
494428,720,0
494980,552,0
495480,500,0
496076,596,0
496252,176,0
496624,372,0
497172,548,0
497724,552,0
498268,544,0
498820,552,0
499372,552,0
499916,544,0
500456,540,0
501004,548,0
501552,548,0
502092,540,0
502584,492,0
503188,604,0
503732,544,0
504272,540,0
504820,548,0
505372,552,0
505916,544,0
506412,496,0
506964,552,0
507568,604,0
508112,544,0
508612,500,0
509160,548,0
509760,600,0
510256,496,0
510800,544,0
511408,608,0
511948,540,0
512496,548,0
513048,552,0
513596,548,0
514132,536,0
514680,548,0
515228,548,0
515772,544,0
516260,488,0
516860,600,0
517404,544,0
517604,200,0
518492,888,0
518980,488,0
519588,608,0
520136,548,0
520684,548,0
521236,552,0
521780,544,0
522272,492,0
522884,612,0
523384,500,0
523980,596,0
524532,552,0
525624,1092,0
526176,552,0
526660,484,0
527260,600,0
527752,492,0
528884,1132,0
529384,500,0
529968,584,0
530512,544,0
531056,544,0
531596,540,0
532132,536,0
532676,544,0
533220,544,0
533756,536,0
534252,496,0
534852,600,0
535392,540,0
535888,496,0
536436,548,0
537040,604,0
537588,548,0
538140,552,0
538692,552,0
539244,552,0
539740,496,0
540284,544,0
540888,604,0
541436,548,0
541976,540,0
542524,548,0
543072,548,0
543616,544,0
544160,544,0
544708,548,0
545264,556,0
545800,536,0
546348,548,0
546852,504,0
547404,552,0
548000,596,0
548500,500,0
549104,604,0
549652,548,0
550196,544,0
550744,548,0
551292,548,0
551836,544,0
552384,548,0
552932,548,0
553480,548,0
554024,544,0
554576,552,0
555124,548,0
555676,552,0
556216,540,0
556716,500,0
557272,556,0
557860,588,0
558408,548,0
558908,500,0
559456,548,0
559996,540,0
560536,540,0
561088,552,0
561680,592,0
562176,496,0
562776,600,0
563276,500,0
563816,540,0
564416,600,0
564968,552,0
565516,548,0
566012,496,0
566612,600,0
567164,552,0
568256,1092,0
568804,548,0
569296,492,0
569892,596,0
570384,492,0
570980,596,0
571520,540,0
572060,540,0
572600,540,0
573140,540,0
573672,532,0
574164,492,0
574752,588,0
575292,540,0
575824,532,0
576372,548,0
576908,536,0
577448,540,0
577988,540,0
578536,548,0
579084,548,0
579624,540,0
580172,548,0
580672,500,0
581280,608,0
581824,544,0
582872,1048,0
583428,556,0
584024,596,0
584572,548,0
585124,552,0
585676,552,0
586224,548,0
586720,496,0
587272,552,0
587828,556,0
588428,600,0
588980,552,0
589488,508,0
590048,560,0
590648,600,0
591208,560,0
591768,560,0
592324,556,0
592884,560,0
593392,508,0
593952,560,0
594556,604,0
595116,560,0
595616,500,0
596228,612,0
596780,552,0
597896,1116,0
598452,556,0
599004,552,0
599512,508,0
600124,612,0
600684,560,0
601236,552,0
601796,560,0
602308,512,0
602904,596,0
603460,556,0
604020,560,0
604576,556,0
604808,232,0
605132,324,0
605684,552,0
606240,556,0
606792,552,0
607896,1104,0
608400,504,0
608948,548,0
609500,552,0
610100,600,0
610604,504,0
611200,596,0
611700,500,0
612248,548,0
612804,556,0
613896,1092,0
614500,604,0
615048,548,0
615592,544,0
616088,496,0
616688,600,0
617236,548,0
617784,548,0
618324,540,0
618868,544,0
619416,548,0
619956,540,0
620448,492,0
621040,592,0
621588,548,0
622084,496,0
622676,592,0
623220,544,0
623768,548,0
624320,552,0
624864,544,0
625408,544,0
625956,548,0
626504,548,0
627044,540,0
627584,540,0
628076,492,0
628672,596,0
629208,536,0
629748,540,0
630284,536,0
630828,544,0
631316,488,0
631900,584,0
632440,540,0
632984,544,0
633472,488,0
634060,588,0
634556,496,0
635148,592,0
635688,540,0
636228,540,0
636768,540,0
637316,548,0
637856,540,0
638400,544,0
638936,536,0
639432,496,0
640028,596,0
640564,536,0
641052,488,0
641644,592,0
642184,540,0
642720,536,0
643256,536,0
643792,536,0
644332,540,0
644864,532,0
645400,536,0
645936,536,0
646420,484,0
647004,584,0
647488,484,0
648024,536,0
648612,588,0
649144,532,0
649628,484,0
650164,536,0
650700,536,0
651236,536,0
651772,536,0
652308,536,0
652844,536,0
653428,584,0
653912,484,0
654448,536,0
655036,588,0
655520,484,0
656100,580,0
656636,536,0
657164,528,0
657692,528,0
658176,484,0
658756,580,0
659284,528,0
659812,528,0
660292,480,0
660876,584,0
661348,472,0
661932,584,0
662460,528,0
662944,484,0
663472,528,1
664004,532,1
664584,580,1
665072,488,1
665612,540,1
666148,536,1
666680,532,1
667212,532,0
667752,540,0
668288,536,0
668820,532,0
669900,1080,0
670436,536,0
670968,532,0
671504,536,0
672044,540,0
672576,532,0
673108,532,0
673640,532,0
674176,536,0
674704,528,0
675232,528,0
675768,536,0
676304,536,0
676840,536,0
677908,1068,0
678448,540,1
678980,532,1
679572,592,1
680064,492,1
680608,544,1
681148,540,1
681688,540,1
682228,540,0
682772,544,0
683316,544,0
683856,540,0
684452,596,0
684988,536,0
685536,548,0
686076,540,0
686616,540,0
687156,540,0
687704,548,0
688248,544,0
688788,540,0
689332,544,0
689880,548,0
690360,480,0
690956,596,0
691448,492,0
692044,596,0
692588,544,0
693128,540,0
693668,540,0
694212,544,0
694760,548,0
695296,536,0
695836,540,0
696932,1096,0
697468,536,0
698012,544,0
698556,544,0
699104,548,0
699652,548,0
700196,544,0
700748,552,0
701292,544,0
701844,552,0
702340,496,0
702932,592,0
703428,496,0
704028,600,0
704520,492,0
705112,592,0
705664,552,0
706208,544,0
706752,544,0
707296,544,0
707848,552,0
708352,504,0
708948,596,0
709496,548,0
710052,556,0
710556,504,0
711104,548,0
711704,600,0
712260,556,0
712816,556,0
713364,548,0
713864,500,0
714472,608,0
715016,544,0
715568,552,0
716120,552,0
716676,556,0
717224,548,0
717776,552,0
718328,552,0
718884,556,0
719376,492,0
719984,608,0
720488,504,0
721088,600,0
721636,548,0
722140,504,0
722744,604,0
723292,548,0
723848,556,0
724360,512,0
724956,596,0
725508,552,0
726060,552,0
726620,560,0
727120,500,0
727684,564,0
728236,552,0
728844,608,0
729964,1120,0
730464,500,0
731072,608,0
731584,512,0
732028,444,0
732176,148,0
732688,512,0
733296,608,0
733852,556,0
734364,512,0
734964,600,0
735464,500,0
736012,548,0
736372,360,0
736616,244,0
736864,248,0
737120,256,0
737376,256,0
737664,288,0
738212,548,0
738376,164,0
738760,384,0
739308,548,0
739856,548,0
740464,608,0
740964,500,0
741512,548,0
742056,544,0
742604,548,0
743148,544,0
743688,540,0
744232,544,0
744772,540,0
745308,536,0
745844,536,0
746072,228,0
746384,312,0
746920,536,0
747508,588,0
747992,484,0
748532,540,0
749068,536,0
749600,532,0
750136,536,0
750676,540,0
751216,540,0
751752,536,0
752292,540,0
752832,540,0
753384,552,0
753920,536,0
754512,592,0
755004,492,0
755600,596,0
756148,548,0
