time,x,y
0,644,0
636,636,0
1276,640,0
1912,636,0
2564,652,0
3208,644,0
3852,644,0
4496,644,0
5140,644,0
5792,652,0
6432,640,0
7084,652,0
7728,644,0
8372,644,0
9016,644,0
9660,644,0
10300,640,0
11572,1272,0
12208,636,0
12844,636,0
13472,628,0
14744,1272,0
15380,636,0
16012,632,0
16648,636,0
16920,272,0
17276,356,0
17908,632,0
18532,624,0
18920,388,0
19160,240,0
19788,628,0
19916,128,0
20412,496,0
21032,620,0
21652,620,0
22276,624,0
22896,620,0
23512,616,0
24136,624,0
24764,628,0
25384,620,0
26004,620,0
26628,624,0
27256,628,0
27880,624,0
28500,620,1
29124,624,1
29752,628,1
30376,624,1
31040,664,1
31624,584,1
32252,628,1
32876,624,1
33500,624,1
34132,632,1
34764,632,0
35392,628,0
36020,628,0
36652,632,0
37284,632,0
37916,632,0
38536,620,0
39168,632,0
39800,632,0
40436,636,0
41068,632,0
41712,644,0
42348,636,0
43632,1284,0
44284,652,0
44928,644,0
45568,640,0
46208,640,0
46856,648,0
47500,644,0
48140,640,0
48780,640,0
49428,648,0
50068,640,0
50712,644,0
50936,224,0
51356,420,0
52640,1284,0
53284,644,0
53932,648,0
54568,636,0
55204,636,0
55844,640,0
56484,640,0
56936,452,0
57112,176,0
57744,632,0
58380,636,0
59016,636,0
59648,632,0
60288,640,0
60924,636,0
61564,640,0
62200,636,0
62840,640,0
63476,636,0
64124,648,0
64764,640,0
65408,644,1
66048,640,1
66704,656,1
67348,644,1
68040,692,1
68636,596,1
69288,652,1
69932,644,1
70572,640,0
70952,380,0
71212,260,0
71860,648,0
73124,1264,0
73752,628,0
73952,200,0
74384,432,0
75016,632,0
75644,628,0
75952,308,0
76268,316,0
76948,680,0
77540,592,0
77948,408,0
78176,228,0
78812,636,0
78948,136,0
79448,500,0
80084,636,0
80716,632,0
81344,628,0
82604,1260,0
83228,624,0
83856,628,0
84480,624,0
84948,468,0
85100,152,0
85720,620,0
86340,620,0
86952,612,0
87568,616,0
88176,608,0
88796,620,0
89412,616,0
90024,612,0
90632,608,0
91252,620,0
91872,620,0
92488,616,0
93100,612,0
93720,620,0
94348,628,0
94968,620,0
95588,620,0
96204,616,0
96824,620,0
98056,1232,0
98676,620,0
99300,624,0
99912,612,0
100536,624,0
101152,616,0
101780,628,0
102404,624,0
103076,672,0
103652,576,0
104284,632,0
104964,680,0
105548,584,0
106180,632,0
106804,624,0
108052,1248,0
108688,636,0
109312,624,0
109940,628,0
110564,624,0
111188,624,0
111820,632,0
112444,624,0
113072,628,0
113700,628,0
114332,632,0
114960,628,0
115588,628,0
116208,620,0
116832,624,0
117452,620,0
118076,624,0
118700,624,0
119324,624,0
119944,620,0
120568,624,0
121192,624,0
121820,628,0
122448,628,0
123072,624,0
123712,640,0
124340,628,0
124972,632,0
125608,636,0
126244,636,0
126868,624,0
127508,640,0
128144,636,0
128780,636,0
129412,632,0
130048,636,0
130684,636,0
131328,644,0
131964,636,0
132596,632,0
133224,628,0
133860,636,0
134484,624,0
134888,404,0
135684,796,0
136320,636,0
136944,624,0
137560,616,0
138172,612,0
138788,616,0
139400,612,0
140624,1224,0
141244,620,0
141864,620,0
142480,616,0
143100,620,0
143724,624,0
144352,628,0
144976,624,0
145596,620,0
146220,624,0
146836,616,0
147456,620,0
148068,612,0
148684,616,0
149300,616,0
149912,612,0
150516,604,0
151132,616,0
151752,620,0
152364,612,0
152980,616,0
153592,612,0
154208,616,1
154820,612,1
155436,616,1
156092,656,1
156660,568,1
157268,608,1
157876,608,1
158488,612,1
159104,616,1
159716,612,1
160380,664,1
160948,568,1
161576,628,1
162196,620,1
163440,1244,0
164068,628,0
164688,620,0
165936,1248,0
166560,624,0
167180,620,0
168424,1244,0
169104,680,0
169676,572,0
170348,672,0
170924,576,0
171556,632,0
172180,624,0
172808,628,0
173436,628,0
174068,632,0
174688,620,0
175312,624,0
175928,616,0
176552,624,0
177176,624,0
177796,620,0
178416,620,0
179664,1248,0
180284,620,0
180908,624,0
181528,620,0
182156,628,0
182776,620,0
183400,624,0
184656,1256,0
185332,676,0
185900,568,0
186520,620,0
187152,632,0
187772,620,0
188392,620,0
189012,620,0
189636,624,0
190256,620,0
190880,624,0
191496,616,0
192124,628,0
192744,620,0
193368,624,0
193996,628,0
194624,628,0
195252,628,0
195880,628,0
196508,628,0
197148,640,0
197776,628,0
198012,236,0
198408,396,0
199676,1268,0
200304,628,0
200940,636,0
201568,628,0
202208,640,0
202836,628,0
203472,636,0
204108,636,0
205372,1264,0
206004,632,0
206628,624,0
207256,628,0
207880,624,0
208512,632,0
209136,624,0
209764,628,0
210388,624,0
211016,628,0
211648,632,0
212276,628,0
212904,628,0
213536,632,0
214180,644,0
214808,628,0
215440,632,0
216128,688,0
216720,592,0
217364,644,0
217996,632,0
218636,640,0
219264,628,0
219908,644,0
220536,628,0
221168,632,0
221792,624,0
222440,648,0
224336,1896,0
224956,620,0
225596,640,0
226844,1248,0
227468,624,0
228136,668,0
228756,620,0
229336,580,0
229964,628,0
230584,620,0
231872,1288,0
232512,640,0
233156,644,0
233824,668,0
234488,664,0
235148,660,0
235804,656,0
236460,656,0
237112,652,0
237756,644,0
238408,652,0
239740,1332,0
240328,588,0
240964,636,0
241608,644,0
242244,636,0
242896,652,0
243532,636,0
244184,652,0
244832,648,0
245476,644,0
246120,644,0
246760,640,0
247396,636,0
248036,640,0
248672,636,0
249304,632,0
249944,640,0
250580,636,0
251220,640,0
251860,640,0
252500,640,0
253136,636,0
253768,632,0
254412,644,0
255048,636,0
255692,644,0
256332,640,0
256972,640,0
257612,640,0
258268,656,0
258908,640,0
259556,648,0
260192,636,0
260832,640,0
261480,648,0
262116,636,0
262756,640,0
263392,636,0
264032,640,0
264664,632,0
265288,624,0
265924,636,0
266548,624,0
267172,624,0
267800,628,0
268424,624,0
269052,628,0
269680,628,0
270288,608,0
270912,624,0
271532,620,0
272156,624,0
272776,620,0
273404,628,0
274032,628,0
274660,628,0
275284,624,0
