time,x
0,632
632,632
1264,632
1896,632
2528,632
3164,636
3808,644
4500,692
5096,596
5748,652
6400,652
7060,660
7720,660
8380,660
9040,660
9744,704
10400,656
11000,600
11652,652
12300,648
13000,700
13604,604
14252,648
14900,648
15604,704
16204,600
16852,648
17504,652
18196,692
18788,592
19432,644
20072,640
20708,636
21392,684
21984,592
22616,632
23300,684
23892,592
24532,640
25176,644
25824,648
