time,x,y
0,632,0
632,632,0
1264,632,0
1896,632,0
2528,632,1
3164,636,1
3808,644,1
4500,692,1
5096,596,1
5748,652,1
6400,652,1
7060,660,0
7720,660,0
8380,660,0
9040,660,0
9744,704,0
10400,656,0
11000,600,0
11652,652,1
12300,648,1
13000,700,1
13604,604,1
14252,648,1
14900,648,1
15604,704,1
16204,600,1
16852,648,1
17504,652,1
18196,692,1
18788,592,1
19432,644,1
20072,640,1
20708,636,1
21392,684,0
21984,592,0
22616,632,0
23300,684,0
23892,592,0
24532,640,0
25176,644,0
25824,648,0
