time,x
0,596
604,604
1204,600
1800,596
2404,604
3008,604
3604,596
4204,600
4808,604
5408,600
6012,604
6616,604
7212,596
7816,604
8424,608
9076,652
9624,548
10232,608
10828,596
11432,604
12088,656
12640,552
13236,596
13844,608
14448,604
15100,652
15656,556
16264,608
16868,604
17480,612
18088,608
18688,600
19304,616
19912,608
21128,1216
21736,608
22340,604
22952,612
23608,656
24156,548
24764,608
25372,608
25976,604
26632,656
27188,556
27844,656
28392,548
