time,x
0,636
528,528
1164,636
1704,540
2284,580
2868,584
3452,584
4032,580
4668,636
5188,520
5772,584
6352,580
7512,1160
8088,576
8668,580
9248,580
9824,576
10396,572
10980,584
11560,580
12136,576
12724,588
13308,584
13892,584
14476,584
15060,584
15648,588
16236,588
16820,584
17400,580
17988,588
18576,588
19160,584
19744,584
20336,592
20920,584
21508,588
22096,588
22680,584
23260,580
23840,580
24420,580
25000,580
25580,580
26160,580
26740,580
27324,584
27904,580
28484,580
29064,580
29648,584
30228,580
30812,584
31388,576
32024,636
32548,524
33124,576
33704,580
34284,580
34852,568
35432,580
36012,580
36592,580
37172,580
37752,580
38328,576
38912,584
39492,580
40072,580
40656,584
41248,592
41836,588
42420,584
43008,588
43596,588
44180,584
44772,592
45356,584
45936,580
46532,596
47116,584
47704,588
48292,588
48884,592
49472,588
50064,592
50652,588
51244,592
51844,600
52444,600
53048,604
53648,600
54252,604
54864,612
55464,600
56060,596
56660,600
57252,592
57852,600
58440,588
59044,604
59632,588
60232,600
60828,596
61412,584
62008,596
62596,588
63188,592
63776,588
64376,600
65572,1196
66172,600
66768,596
67368,600
68556,1188
69152,596
69732,580
70324,592
70912,588
71496,584
72084,588
72664,580
73232,568
73804,572
74376,572
74944,568
75520,576
76092,572
76652,560
77272,620
77760,488
78316,556
78872,556
79420,548
80516,1096
81056,540
81596,540
82132,536
82672,540
83204,532
83740,536
84280,540
84820,540
85360,540
85904,544
86440,536
87040,600
87536,496
88080,544
88620,540
89704,1084
90300,596
90420,120
90800,380
90960,160
91360,400
91400,40
91864,464
91984,120
92164,180
92460,296
93060,600
93384,324
93424,40
93644,220
93960,316
94160,200
94564,404
94744,180
95124,380
95280,156
95404,124
95864,460
95924,60
96144,220
96464,320
96744,280
97044,300
97204,160
97404,200
97624,220
98068,444
98344,276
98524,180
98664,140
98888,224
99108,220
99484,376
99648,164
100088,440
100108,20
100368,260
100728,360
101048,320
101248,200
101528,280
101668,140
101868,200
102088,220
102468,380
102668,200
102888,220
103268,380
103328,60
103628,300
103928,300
104248,320
104388,140
104668,280
104868,200
105088,220
105488,400
105728,240
105948,220
106044,96
106444,400
106764,320
106804,40
107044,240
107524,480
107604,80
108024,420
108044,20
108304,260
108568,264
108968,400
109128,160
109388,260
109688,300
109928,240
110128,200
110368,240
110748,380
110968,220
111188,220
111368,180
111548,180
111868,320
112108,240
112372,264
112672,300
112832,160
113072,240
113472,400
113712,240
113772,60
114168,396
114268,100
114712,444
114888,176
114968,80
115308,340
115628,320
115948,320
116168,220
116212,44
116688,476
116948,260
117108,160
117328,220
117468,140
117872,404
118072,200
118212,140
118692,480
118912,220
118952,40
119312,360
119852,540
120032,180
120192,160
120452,260
120952,500
121352,400
121552,200
121852,300
121952,100
122336,384
122532,196
122752,220
122956,204
123392,436
123412,20
123696,284
123972,276
124336,364
124616,280
124656,40
124936,280
125376,440
125416,40
125656,240
126036,380
126176,140
126460,284
126656,196
127056,400
127196,140
127600,404
127620,20
127916,296
128320,404
128500,180
128700,200
129060,360
129280,220
129380,100
129820,440
129900,80
130344,444
130460,116
130744,284
130944,200
131224,280
131384,160
131684,300
131944,260
132264,320
132440,176
132684,244
132824,140
133224,400
133324,100
133804,480
133924,120
134244,320
134384,140
134704,320
134824,120
135304,480
135424,120
135764,340
135884,120
136064,180
136328,264
136588,260
136904,316
137108,204
137384,276
137544,160
137832,288
138244,412
138368,124
138748,380
138972,224
139048,76
139432,384
139572,140
139792,220
140052,260
140472,420
140532,60
140952,420
141132,180
141412,280
141592,180
141868,276
142048,180
142388,340
142508,120
142988,480
143092,104
143252,160
143612,360
143916,304
144112,196
144332,220
144532,200
144752,220
145008,256
145712,704
145792,80
146212,420
146272,60
146532,260
147132,600
147232,100
147692,460
147912,220
147972,60
148348,376
148504,156
148912,408
149052,140
149252,200
149552,300
149892,340
149956,64
150216,260
150476,260
150796,320
150976,180
151216,240
151436,220
151816,380
151956,140
152232,276
152528,296
152712,184
153048,336
153188,140
153628,440
153736,108
153960,224
154160,200
155136,976
155396,260
155636,240
155860,224
155996,136
156320,324
156584,264
156880,296
156900,20
157340,440
157580,240
157720,140
158020,300
158284,264
158404,120
158784,380
159084,300
159124,40
159364,240
159704,340
159884,180
160124,240
160424,300
160824,400
160964,140
161324,360
161364,40
161844,480
161864,20
162104,240
162404,300
162664,260
162864,200
163184,320
163544,360
163728,184
163988,260
164288,300
164528,240
164688,160
164868,180
165288,420
165528,240
165608,80
165968,360
166208,240
166388,180
166568,180
167048,480
167248,200
167448,200
167668,220
167908,240
168208,300
168448,240
168788,340
168828,40
169232,404
169348,116
169548,200
169868,320
170108,240
170292,184
170752,460
170952,200
171232,280
171412,180
171572,160
171792,220
172092,300
172292,200
172532,240
172972,440
173092,120
173368,276
173712,344
173852,140
174132,280
174312,180
174512,200
174772,260
175172,400
175272,100
175552,280
175772,220
176112,340
176452,340
176536,84
176896,360
177196,300
177236,40
177596,360
177736,140
177976,240
178296,320
178476,180
178796,320
178976,180
179292,316
179552,260
179712,160
180116,404
180252,136
180616,364
180756,140
181052,296
181256,204
181496,240
181756,260
181976,220
182220,244
182436,216
182900,464
182980,80
183220,240
183440,220
183780,340
183980,200
184220,240
184420,200
184776,356
184976,200
185256,280
185456,200
185736,280
185940,204
186320,380
186440,120
186660,220
187020,360
187180,160
187460,280
187680,220
187984,304
188144,160
188444,300
188644,200
189024,380
189204,180
189604,400
189704,100
190060,356
190360,300
190380,20
190680,300
190904,224
191244,340
191384,140
191824,440
191864,40
192144,280
192548,404
192724,176
192904,180
193148,244
193368,220
193628,260
193988,360
194188,200
194348,160
194708,360
195064,356
195284,220
195524,240
195604,80
195824,220
196228,404
196388,160
196728,340
197028,300
197228,200
197328,100
197712,384
197828,116
198232,404
198348,116
198692,344
198992,300
199192,200
199312,120
199692,380
199872,180
200268,396
200492,224
200628,136
200888,260
201208,320
201328,120
201712,384
201932,220
202032,100
202332,300
202736,404
202912,176
203176,264
203416,240
203676,260
203896,220
204136,240
204476,340
204676,200
204952,276
205176,224
205292,116
205512,220
205796,284
206196,400
206296,100
206496,200
206836,340
207196,360
207420,224
207716,296
207776,60
208140,364
208300,160
208500,200
208800,300
209120,320
209300,180
209596,296
209796,200
209976,180
210320,344
210500,180
210840,340
211040,200
211420,380
211500,80
211700,200
212120,420
212324,204
212524,200
212764,240
213104,340
213244,140
213664,420
213684,20
214080,396
214420,340
214460,40
214744,284
214964,220
215184,220
215524,340
215684,160
215924,240
216244,320
216424,180
216764,340
217028,264
217148,120
217428,280
217788,360
217908,120
218368,460
218428,60
218648,220
218924,276
219224,300
219504,280
219748,244
219928,180
220368,440
220388,20
220688,300
220948,260
221188,240
221468,280
221668,200
221868,200
222152,284
222572,420
222652,80
222992,340
223112,120
223372,260
223632,260
223852,220
224272,420
224472,200
224812,340
224912,100
225268,356
225348,80
225748,400
225892,144
226132,240
226372,240
226732,360
227032,300
227292,260
227352,60
227792,440
227816,24
228172,356
228416,244
228752,336
229052,300
229132,80
229336,204
229576,240
229996,420
230196,200
230336,140
230636,300
230996,360
231116,120
231396,280
231636,240
231836,200
232092,256
232436,344
232712,276
232892,180
233212,320
233312,100
233756,444
233776,20
234156,380
234316,160
234656,340
234816,160
235156,340
235336,180
235656,320
235916,260
236000,84
236296,296
236580,284
236776,196
237200,424
237396,196
237620,224
237940,320
238220,280
238400,180
238620,220
238860,240
239000,140
239440,440
239620,180
239740,120
240080,340
240360,280
240660,300
240936,276
240976,40
241416,440
241636,220
241820,184
242136,316
242240,104
242640,400
242860,220
243180,320
243240,60
243584,344
243700,116
244160,460
244240,80
244640,400
244860,220
245000,140
245220,220
245520,300
245804,284
246000,196
246324,324
246424,100
246804,380
247104,300
247164,60
247584,420
247724,140
248004,280
248264,260
248404,140
248724,320
249104,380
249304,200
249560,256
249660,100
250104,444
250244,140
250424,180
250724,300
250884,160
251204,320
251624,420
251804,180
251904,100
252308,404
252444,136
252744,300
252884,140
253208,324
253528,320
253748,220
253908,160
254148,240
254348,200
254828,480
254868,40
255308,440
255368,60
255828,460
256008,180
256168,160
256408,240
256664,256
256924,260
257104,180
257384,280
257688,304
258048,360
258108,60
258368,260
258608,240
258868,260
259108,240
259528,420
259608,80
259992,384
260108,116
260308,200
260712,404
261012,300
261232,220
261292,60
261572,280
262012,440
262252,240
262312,60
262572,260
262852,280
263108,256
263432,324
263648,216
263968,320
264128,160
264308,180
264588,280
264812,224
265172,360
265312,140
265592,280
265852,260
266192,340
266456,264
266592,136
266792,200
267172,380
267292,120
267636,344
267956,320
268152,196
268376,224
268536,160
268756,220
269016,260
269356,340
269556,200
269956,400
270196,240
270452,256
270712,260
270732,20
270972,240
271316,344
271576,260
271716,140
272052,336
272212,160
272472,260
272716,244
273196,480
273276,80
273456,180
274156,700
274536,380
274936,400
274996,60
275280,284
275440,160
275680,240
276120,440
276180,60
276656,476
276836,180
277096,260
277400,304
277600,200
277860,260
277920,60
278360,440
278420,60
278780,360
279060,280
279360,300
279624,264
279644,20
279904,260
280204,300
280524,320
280664,140
281104,440
281184,80
281404,220
281684,280
282120,436
282340,220
282420,80
282664,244
282884,220
283144,260
283404,260
283764,360
283948,184
284188,240
284528,340
284728,200
285028,300
285108,80
285528,420
285688,160
286028,340
286108,80
286388,280
286824,436
287004,180
287144,140
287348,204
287628,280
287868,240
288108,240
288348,240
288752,404
288832,80
289192,360
289452,260
289792,340
289932,140
290092,160
290372,280
290572,200
290812,240
291152,340
291412,260
291788,376
291988,200
292112,124
292352,240
292772,420
292852,80
293072,220
293336,264
293556,220
293916,360
294116,200
294276,160
294616,340
294776,160
295096,320
295276,180
295696,420
295936,240
296252,316
296432,180
296536,104
296776,240
297076,300
297296,220
297620,324
297780,160
298000,220
298280,280
298660,380
298820,160
299000,180
299260,260
299500,240
299840,340
300096,256
300376,280
300616,240
300740,124
300980,240
301240,260
301660,420
301824,164
302044,220
302424,380
302624,200
302804,180
303044,240
303224,180
303544,320
303724,180
303984,260
304204,220
304464,260
304740,276
305020,280
305324,304
305444,120
305784,340
306084,300
306364,280
306488,124
306728,240
306928,200
307268,340
307508,240
307668,160
308148,480
308248,100
308488,240
308688,200
309124,436
309304,180
309504,200
309884,380
310088,204
310188,100
310488,300
310708,220
311068,360
311172,104
311632,460
311772,140
312032,260
312212,180
312472,260
312812,340
312972,160
313132,160
313452,320
313632,180
314032,400
314212,180
314572,360
314748,176
315048,300
315148,100
315492,344
315672,180
315992,320
316212,220
316372,160
316612,240
317056,444
317176,120
317516,340
317736,220
317956,220
318096,140
318356,260
318696,340
319036,340
319136,100
319336,200
319576,240
319876,300
320156,280
320516,360
320752,236
320992,240
321192,200
321336,144
321672,336
321836,164
322276,440
322476,200
322656,180
322960,304
323060,100
323420,360
323540,120
324000,460
324120,120
324300,180
324660,360
325000,340
325060,60
325300,240
325540,240
325840,300
326040,200
326440,400
326676,236
326856,180
327136,280
327280,144
327616,336
327800,184
328220,420
328480,260
328600,120
328904,304
329064,160
329384,320
329524,140
329984,460
330144,160
330244,100
330624,380
330944,320
331124,180
331284,160
331484,200
331764,280
331984,220
332364,380
332584,220
332944,360
333140,196
333344,204
333540,196
333724,184
333964,240
334284,320
334464,180
334924,460
334964,40
335364,400
335588,224
335928,340
336068,140
336428,360
336508,80
336688,180
337108,420
337308,200
337428,120
337708,280
337928,220
338308,380
338428,120
338688,260
339144,456
339404,260
339644,240
339704,60
339948,244
340248,300
340448,200
340668,220
340948,280
341292,344
341612,320
341652,40
342132,480
342232,100
342412,180
342652,240
343052,400
343152,100
343412,260
343632,220
343912,280
344212,300
344488,276
344728,240
345088,360
345152,64
345372,220
345652,280
345932,280
346152,220
346556,404
346736,180
346876,140
347156,280
347356,200
347736,380
347876,140
348336,460
348456,120
348636,180
349056,420
349176,120
349556,380
349712,156
349932,220
350196,264
350436,240
350716,280
350836,120
351176,340
351380,204
351620,240
351840,220
352060,220
352440,380
352600,160
352900,300
353140,240
353540,400
353620,80
353800,180
354156,356
354416,260
354616,200
354920,304
355100,180
355400,300
355540,140
355944,404
356064,120
356304,240
356524,220
356784,260
357144,360
357384,240
357664,280
357884,220
358244,360
358384,140
358624,240
358980,356
359160,180
359260,100
359540,280
359764,224
360000,236
360264,264
360584,320
360784,200
361004,220
361388,384
361508,120
361888,380
362068,180
362348,280
362488,140
362928,440
363068,140
363228,160
363468,240
363728,260
364048,320
364324,276
364464,140
364904,440
365108,204
365408,300
365508,100
365828,320
366108,280
366408,300
366492,84
366692,200
367152,460
367432,280
367532,100
367692,160
368132,440
368372,240
368432,60
368732,300
369072,340
369312,240
369512,200
369692,180
369948,256
370168,220
370592,424
370672,80
370972,300
371172,200
371412,240
371712,300
372096,384
372276,180
372416,140
372876,460
373076,200
373156,80
373456,300
373716,260
374056,340
374156,100
374396,240
374696,300
375076,380
375236,160
375456,220
375672,216
376032,360
376272,240
376372,100
376656,284
376876,220
377116,240
377376,260
377820,444
378080,260
378240,160
378440,200
378840,400
379080,240
379160,80
379440,280
379620,180
380040,420
380160,120
380400,240
380640,240
381020,380
381080,60
381340,260
381796,456
382016,220
382276,260
382356,80
