time,x,y
0,636,0
528,528,0
1164,636,0
1704,540,0
2284,580,0
2868,584,1
3452,584,1
4032,580,1
4668,636,1
5188,520,1
5772,584,1
6352,580,1
7512,1160,0
8088,576,0
8668,580,0
9248,580,0
9824,576,0
10396,572,0
10980,584,0
11560,580,0
12136,576,0
12724,588,0
13308,584,0
13892,584,0
14476,584,0
15060,584,0
15648,588,0
16236,588,0
16820,584,0
17400,580,0
17988,588,0
18576,588,0
19160,584,0
19744,584,0
20336,592,0
20920,584,0
21508,588,0
22096,588,0
22680,584,0
23260,580,0
23840,580,0
24420,580,0
25000,580,0
25580,580,0
26160,580,0
26740,580,0
27324,584,0
27904,580,0
28484,580,0
29064,580,1
29648,584,1
30228,580,1
30812,584,1
31388,576,1
32024,636,1
32548,524,1
33124,576,1
33704,580,1
34284,580,1
34852,568,1
35432,580,0
36012,580,0
36592,580,0
37172,580,0
37752,580,0
38328,576,0
38912,584,0
39492,580,0
40072,580,0
40656,584,0
41248,592,0
41836,588,0
42420,584,0
43008,588,0
43596,588,0
44180,584,0
44772,592,0
45356,584,0
45936,580,0
46532,596,0
47116,584,0
47704,588,0
48292,588,0
48884,592,0
49472,588,0
50064,592,0
50652,588,0
51244,592,0
51844,600,0
52444,600,0
53048,604,0
53648,600,0
54252,604,0
54864,612,0
55464,600,0
56060,596,0
56660,600,0
57252,592,0
57852,600,0
58440,588,0
59044,604,0
59632,588,0
60232,600,0
60828,596,0
61412,584,0
62008,596,0
62596,588,0
63188,592,0
63776,588,0
64376,600,0
65572,1196,0
66172,600,0
66768,596,0
67368,600,0
68556,1188,0
69152,596,0
69732,580,0
70324,592,0
70912,588,0
71496,584,0
72084,588,0
72664,580,0
73232,568,0
73804,572,0
74376,572,0
74944,568,1
75520,576,1
76092,572,1
76652,560,1
77272,620,1
77760,488,1
78316,556,1
78872,556,1
79420,548,0
80516,1096,0
81056,540,0
81596,540,0
82132,536,0
82672,540,0
83204,532,0
83740,536,0
84280,540,1
84820,540,1
85360,540,1
85904,544,1
86440,536,1
87040,600,1
87536,496,1
88080,544,1
88620,540,0
89704,1084,0
90300,596,0
90420,120,0
90800,380,0
90960,160,0
91360,400,0
91400,40,0
91864,464,0
91984,120,0
92164,180,0
92460,296,0
93060,600,0
93384,324,0
93424,40,0
93644,220,0
93960,316,0
94160,200,0
94564,404,0
94744,180,0
95124,380,0
95280,156,0
95404,124,0
95864,460,0
95924,60,0
96144,220,0
96464,320,0
96744,280,0
97044,300,0
97204,160,0
97404,200,0
97624,220,0
98068,444,0
98344,276,0
98524,180,0
98664,140,0
98888,224,0
99108,220,0
99484,376,0
99648,164,0
100088,440,0
100108,20,0
100368,260,0
100728,360,0
101048,320,0
101248,200,0
101528,280,0
101668,140,0
101868,200,0
102088,220,0
102468,380,0
102668,200,0
102888,220,0
103268,380,0
103328,60,0
103628,300,0
103928,300,0
104248,320,0
104388,140,0
104668,280,0
104868,200,0
105088,220,0
105488,400,0
105728,240,0
105948,220,0
106044,96,0
106444,400,0
106764,320,0
106804,40,0
107044,240,0
107524,480,0
107604,80,0
108024,420,0
108044,20,0
108304,260,0
108568,264,0
108968,400,0
109128,160,0
109388,260,0
109688,300,0
109928,240,0
110128,200,0
110368,240,0
110748,380,0
110968,220,0
111188,220,0
111368,180,0
111548,180,0
111868,320,0
112108,240,0
112372,264,0
112672,300,0
112832,160,0
113072,240,0
113472,400,0
113712,240,0
113772,60,0
114168,396,0
114268,100,0
114712,444,0
114888,176,0
114968,80,0
115308,340,0
115628,320,0
115948,320,0
116168,220,0
116212,44,0
116688,476,0
116948,260,0
117108,160,0
117328,220,0
117468,140,0
117872,404,0
118072,200,0
118212,140,0
118692,480,0
118912,220,0
118952,40,0
119312,360,0
119852,540,0
120032,180,0
120192,160,0
120452,260,0
120952,500,0
121352,400,0
121552,200,0
121852,300,0
121952,100,0
122336,384,0
122532,196,0
122752,220,0
122956,204,0
123392,436,0
123412,20,0
123696,284,0
123972,276,0
124336,364,0
124616,280,0
124656,40,0
124936,280,0
125376,440,0
125416,40,0
125656,240,0
126036,380,0
126176,140,0
126460,284,0
126656,196,0
127056,400,0
127196,140,0
127600,404,0
127620,20,0
127916,296,0
128320,404,0
128500,180,0
128700,200,0
129060,360,0
129280,220,0
129380,100,0
129820,440,0
129900,80,0
130344,444,0
130460,116,0
130744,284,0
130944,200,0
131224,280,0
131384,160,0
131684,300,0
131944,260,0
132264,320,0
132440,176,0
132684,244,0
132824,140,0
133224,400,0
133324,100,0
133804,480,0
133924,120,0
134244,320,0
134384,140,0
134704,320,0
134824,120,0
135304,480,0
135424,120,0
135764,340,0
135884,120,0
136064,180,0
136328,264,0
136588,260,0
136904,316,0
137108,204,0
137384,276,0
137544,160,0
137832,288,0
138244,412,0
138368,124,0
138748,380,0
138972,224,0
139048,76,0
139432,384,0
139572,140,0
139792,220,0
140052,260,0
140472,420,0
140532,60,0
140952,420,0
141132,180,0
141412,280,0
141592,180,0
141868,276,0
142048,180,0
142388,340,0
142508,120,0
142988,480,0
143092,104,0
143252,160,0
143612,360,0
143916,304,0
144112,196,0
144332,220,0
144532,200,0
144752,220,0
145008,256,0
145712,704,0
145792,80,0
146212,420,0
146272,60,0
146532,260,0
147132,600,0
147232,100,0
147692,460,0
147912,220,0
147972,60,0
148348,376,0
148504,156,0
148912,408,0
149052,140,0
149252,200,0
149552,300,0
149892,340,0
149956,64,0
150216,260,0
150476,260,0
150796,320,0
150976,180,0
151216,240,0
151436,220,0
151816,380,0
151956,140,0
152232,276,0
152528,296,0
152712,184,0
153048,336,0
153188,140,0
153628,440,0
153736,108,0
153960,224,0
154160,200,0
155136,976,0
155396,260,0
155636,240,0
155860,224,0
155996,136,0
156320,324,0
156584,264,0
156880,296,0
156900,20,0
157340,440,0
157580,240,0
157720,140,0
158020,300,0
158284,264,0
158404,120,0
158784,380,0
159084,300,0
159124,40,0
159364,240,0
159704,340,0
159884,180,0
160124,240,0
160424,300,0
160824,400,0
160964,140,0
161324,360,0
161364,40,0
161844,480,0
161864,20,0
162104,240,0
162404,300,0
162664,260,0
162864,200,0
163184,320,0
163544,360,0
163728,184,0
163988,260,0
164288,300,0
164528,240,0
164688,160,0
164868,180,0
165288,420,0
165528,240,0
165608,80,0
165968,360,0
166208,240,0
166388,180,0
166568,180,0
167048,480,0
167248,200,0
167448,200,0
167668,220,0
167908,240,0
168208,300,0
168448,240,0
168788,340,0
168828,40,0
169232,404,0
169348,116,0
169548,200,0
169868,320,0
170108,240,0
170292,184,0
170752,460,0
170952,200,0
171232,280,0
171412,180,0
171572,160,0
171792,220,0
172092,300,0
172292,200,0
172532,240,0
172972,440,0
173092,120,0
173368,276,0
173712,344,0
173852,140,0
174132,280,0
174312,180,0
174512,200,0
174772,260,0
175172,400,0
175272,100,0
175552,280,0
175772,220,0
176112,340,0
176452,340,0
176536,84,0
176896,360,0
177196,300,0
177236,40,0
177596,360,0
177736,140,0
177976,240,0
178296,320,0
178476,180,0
178796,320,0
178976,180,0
179292,316,0
179552,260,0
179712,160,0
180116,404,0
180252,136,0
180616,364,0
180756,140,0
181052,296,0
181256,204,0
181496,240,0
181756,260,0
181976,220,0
182220,244,0
182436,216,0
182900,464,0
182980,80,0
183220,240,0
183440,220,0
183780,340,0
183980,200,0
184220,240,0
184420,200,0
184776,356,0
184976,200,0
185256,280,0
185456,200,0
185736,280,0
185940,204,0
186320,380,0
186440,120,0
186660,220,0
187020,360,0
187180,160,0
187460,280,0
187680,220,0
187984,304,0
188144,160,0
188444,300,0
188644,200,0
189024,380,0
189204,180,0
189604,400,0
189704,100,0
190060,356,0
190360,300,0
190380,20,0
190680,300,0
190904,224,0
191244,340,0
191384,140,0
191824,440,0
191864,40,0
192144,280,0
192548,404,0
192724,176,0
192904,180,0
193148,244,0
193368,220,0
193628,260,0
193988,360,0
194188,200,0
194348,160,0
194708,360,0
195064,356,0
195284,220,0
195524,240,0
195604,80,0
195824,220,0
196228,404,0
196388,160,0
196728,340,0
197028,300,0
197228,200,0
197328,100,0
197712,384,0
197828,116,0
198232,404,0
198348,116,0
198692,344,0
198992,300,0
199192,200,0
199312,120,0
199692,380,0
199872,180,0
200268,396,0
200492,224,0
200628,136,0
200888,260,0
201208,320,0
201328,120,0
201712,384,0
201932,220,0
202032,100,0
202332,300,0
202736,404,0
202912,176,0
203176,264,0
203416,240,0
203676,260,0
203896,220,0
204136,240,0
204476,340,0
204676,200,0
204952,276,0
205176,224,0
205292,116,0
205512,220,0
205796,284,0
206196,400,0
206296,100,0
206496,200,0
206836,340,0
207196,360,0
207420,224,0
207716,296,0
207776,60,0
208140,364,0
208300,160,0
208500,200,0
208800,300,0
209120,320,0
209300,180,0
209596,296,0
209796,200,0
209976,180,0
210320,344,0
210500,180,0
210840,340,0
211040,200,0
211420,380,0
211500,80,0
211700,200,0
212120,420,0
212324,204,0
212524,200,0
212764,240,0
213104,340,0
213244,140,0
213664,420,0
213684,20,0
214080,396,0
214420,340,0
214460,40,0
214744,284,0
214964,220,0
215184,220,0
215524,340,0
215684,160,0
215924,240,0
216244,320,0
216424,180,0
216764,340,0
217028,264,0
217148,120,0
217428,280,0
217788,360,0
217908,120,0
218368,460,0
218428,60,0
218648,220,0
218924,276,0
219224,300,0
219504,280,0
219748,244,0
219928,180,0
220368,440,0
220388,20,0
220688,300,0
220948,260,0
221188,240,0
221468,280,0
221668,200,0
221868,200,0
222152,284,0
222572,420,0
222652,80,0
222992,340,0
223112,120,0
223372,260,0
223632,260,0
223852,220,0
224272,420,0
224472,200,0
224812,340,0
224912,100,0
225268,356,0
225348,80,0
225748,400,0
225892,144,0
226132,240,0
226372,240,0
226732,360,0
227032,300,0
227292,260,0
227352,60,0
227792,440,0
227816,24,0
228172,356,0
228416,244,0
228752,336,0
229052,300,0
229132,80,0
229336,204,0
229576,240,0
229996,420,0
230196,200,0
230336,140,0
230636,300,0
230996,360,0
231116,120,0
231396,280,0
231636,240,0
231836,200,0
232092,256,0
232436,344,0
232712,276,0
232892,180,0
233212,320,0
233312,100,0
233756,444,0
233776,20,0
234156,380,0
234316,160,0
234656,340,0
234816,160,0
235156,340,0
235336,180,0
235656,320,0
235916,260,0
236000,84,0
236296,296,0
236580,284,0
236776,196,0
237200,424,0
237396,196,0
237620,224,0
237940,320,0
238220,280,0
238400,180,0
238620,220,0
238860,240,0
239000,140,0
239440,440,0
239620,180,0
239740,120,0
240080,340,0
240360,280,0
240660,300,0
240936,276,0
240976,40,0
241416,440,0
241636,220,0
241820,184,0
242136,316,0
242240,104,0
242640,400,0
242860,220,0
243180,320,0
243240,60,0
243584,344,0
243700,116,0
244160,460,0
244240,80,0
244640,400,0
244860,220,0
245000,140,0
245220,220,0
245520,300,0
245804,284,0
246000,196,0
246324,324,0
246424,100,0
246804,380,0
247104,300,0
247164,60,0
247584,420,0
247724,140,0
248004,280,0
248264,260,0
248404,140,0
248724,320,0
249104,380,0
249304,200,0
249560,256,0
249660,100,0
250104,444,0
250244,140,0
250424,180,0
250724,300,0
250884,160,0
251204,320,0
251624,420,0
251804,180,0
251904,100,0
252308,404,0
252444,136,0
252744,300,0
252884,140,0
253208,324,0
253528,320,0
253748,220,0
253908,160,0
254148,240,0
254348,200,0
254828,480,0
254868,40,0
255308,440,0
255368,60,0
255828,460,0
256008,180,0
256168,160,0
256408,240,0
256664,256,0
256924,260,0
257104,180,0
257384,280,0
257688,304,0
258048,360,0
258108,60,0
258368,260,0
258608,240,0
258868,260,0
259108,240,0
259528,420,0
259608,80,0
259992,384,0
260108,116,0
260308,200,0
260712,404,0
261012,300,0
261232,220,0
261292,60,0
261572,280,0
262012,440,0
262252,240,0
262312,60,0
262572,260,0
262852,280,0
263108,256,0
263432,324,0
263648,216,0
263968,320,0
264128,160,0
264308,180,0
264588,280,0
264812,224,0
265172,360,0
265312,140,0
265592,280,0
265852,260,0
266192,340,0
266456,264,0
266592,136,0
266792,200,0
267172,380,0
267292,120,0
267636,344,0
267956,320,0
268152,196,0
268376,224,0
268536,160,0
268756,220,0
269016,260,0
269356,340,0
269556,200,0
269956,400,0
270196,240,0
270452,256,0
270712,260,0
270732,20,0
270972,240,0
271316,344,0
271576,260,0
271716,140,0
272052,336,0
272212,160,0
272472,260,0
272716,244,0
273196,480,0
273276,80,0
273456,180,0
274156,700,0
274536,380,0
274936,400,0
274996,60,0
275280,284,0
275440,160,0
275680,240,0
276120,440,0
276180,60,0
276656,476,0
276836,180,0
277096,260,0
277400,304,0
277600,200,0
277860,260,0
277920,60,0
278360,440,0
278420,60,0
278780,360,0
279060,280,0
279360,300,0
279624,264,0
279644,20,0
279904,260,0
280204,300,0
280524,320,0
280664,140,0
281104,440,0
281184,80,0
281404,220,0
281684,280,0
282120,436,0
282340,220,0
282420,80,0
282664,244,0
282884,220,0
283144,260,0
283404,260,0
283764,360,0
283948,184,0
284188,240,0
284528,340,0
284728,200,0
285028,300,0
285108,80,0
285528,420,0
285688,160,0
286028,340,0
286108,80,0
286388,280,0
286824,436,0
287004,180,0
287144,140,0
287348,204,0
287628,280,0
287868,240,0
288108,240,0
288348,240,0
288752,404,0
288832,80,0
289192,360,0
289452,260,0
289792,340,0
289932,140,0
290092,160,0
290372,280,0
290572,200,0
290812,240,0
291152,340,0
291412,260,0
291788,376,0
291988,200,0
292112,124,0
292352,240,0
292772,420,0
292852,80,0
293072,220,0
293336,264,0
293556,220,0
293916,360,0
294116,200,0
294276,160,0
294616,340,0
294776,160,0
295096,320,0
295276,180,0
295696,420,0
295936,240,0
296252,316,0
296432,180,0
296536,104,0
296776,240,0
297076,300,0
297296,220,0
297620,324,0
297780,160,0
298000,220,0
298280,280,0
298660,380,0
298820,160,0
299000,180,0
299260,260,0
299500,240,0
299840,340,0
300096,256,0
300376,280,0
300616,240,0
300740,124,0
300980,240,0
301240,260,0
301660,420,0
301824,164,0
302044,220,0
302424,380,0
302624,200,0
302804,180,0
303044,240,0
303224,180,0
303544,320,0
303724,180,0
303984,260,0
304204,220,0
304464,260,0
304740,276,0
305020,280,0
305324,304,0
305444,120,0
305784,340,0
306084,300,0
306364,280,0
306488,124,0
306728,240,0
306928,200,0
307268,340,0
307508,240,0
307668,160,0
308148,480,0
308248,100,0
308488,240,0
308688,200,0
309124,436,0
309304,180,0
309504,200,0
309884,380,0
310088,204,0
310188,100,0
310488,300,0
310708,220,0
311068,360,0
311172,104,0
311632,460,0
311772,140,0
312032,260,0
312212,180,0
312472,260,0
312812,340,0
312972,160,0
313132,160,0
313452,320,0
313632,180,0
314032,400,0
314212,180,0
314572,360,0
314748,176,0
315048,300,0
315148,100,0
315492,344,0
315672,180,0
315992,320,0
316212,220,0
316372,160,0
316612,240,0
317056,444,0
317176,120,0
317516,340,0
317736,220,0
317956,220,0
318096,140,0
318356,260,0
318696,340,0
319036,340,0
319136,100,0
319336,200,0
319576,240,0
319876,300,0
320156,280,0
320516,360,0
320752,236,0
320992,240,0
321192,200,0
321336,144,0
321672,336,0
321836,164,0
322276,440,0
322476,200,0
322656,180,0
322960,304,0
323060,100,0
323420,360,0
323540,120,0
324000,460,0
324120,120,0
324300,180,0
324660,360,0
325000,340,0
325060,60,0
325300,240,0
325540,240,0
325840,300,0
326040,200,0
326440,400,0
326676,236,0
326856,180,0
327136,280,0
327280,144,0
327616,336,0
327800,184,0
328220,420,0
328480,260,0
328600,120,0
328904,304,0
329064,160,0
329384,320,0
329524,140,0
329984,460,0
330144,160,0
330244,100,0
330624,380,0
330944,320,0
331124,180,0
331284,160,0
331484,200,0
331764,280,0
331984,220,0
332364,380,0
332584,220,0
332944,360,0
333140,196,0
333344,204,0
333540,196,0
333724,184,0
333964,240,0
334284,320,0
334464,180,0
334924,460,0
334964,40,0
335364,400,0
335588,224,0
335928,340,0
336068,140,0
336428,360,0
336508,80,0
336688,180,0
337108,420,0
337308,200,0
337428,120,0
337708,280,0
337928,220,0
338308,380,0
338428,120,0
338688,260,0
339144,456,0
339404,260,0
339644,240,0
339704,60,0
339948,244,0
340248,300,0
340448,200,0
340668,220,0
340948,280,0
341292,344,0
341612,320,0
341652,40,0
342132,480,0
342232,100,0
342412,180,0
342652,240,0
343052,400,0
343152,100,0
343412,260,0
343632,220,0
343912,280,0
344212,300,0
344488,276,0
344728,240,0
345088,360,0
345152,64,0
345372,220,0
345652,280,0
345932,280,0
346152,220,0
346556,404,0
346736,180,0
346876,140,0
347156,280,0
347356,200,0
347736,380,0
347876,140,0
348336,460,0
348456,120,0
348636,180,0
349056,420,0
349176,120,0
349556,380,0
349712,156,0
349932,220,0
350196,264,0
350436,240,0
350716,280,0
350836,120,0
351176,340,0
351380,204,0
351620,240,0
351840,220,0
352060,220,0
352440,380,0
352600,160,0
352900,300,0
353140,240,0
353540,400,0
353620,80,0
353800,180,0
354156,356,0
354416,260,0
354616,200,0
354920,304,0
355100,180,0
355400,300,0
355540,140,0
355944,404,0
356064,120,0
356304,240,0
356524,220,0
356784,260,0
357144,360,0
357384,240,0
357664,280,0
357884,220,0
358244,360,0
358384,140,0
358624,240,0
358980,356,0
359160,180,0
359260,100,0
359540,280,0
359764,224,0
360000,236,0
360264,264,0
360584,320,0
360784,200,0
361004,220,0
361388,384,0
361508,120,0
361888,380,0
362068,180,0
362348,280,0
362488,140,0
362928,440,0
363068,140,0
363228,160,0
363468,240,0
363728,260,0
364048,320,0
364324,276,0
364464,140,0
364904,440,0
365108,204,0
365408,300,0
365508,100,0
365828,320,0
366108,280,0
366408,300,0
366492,84,0
366692,200,0
367152,460,0
367432,280,0
367532,100,0
367692,160,0
368132,440,0
368372,240,0
368432,60,0
368732,300,0
369072,340,0
369312,240,0
369512,200,0
369692,180,0
369948,256,0
370168,220,0
370592,424,0
370672,80,0
370972,300,0
371172,200,0
371412,240,0
371712,300,0
372096,384,0
372276,180,0
372416,140,0
372876,460,0
373076,200,0
373156,80,0
373456,300,0
373716,260,0
374056,340,0
374156,100,0
374396,240,0
374696,300,0
375076,380,0
375236,160,0
375456,220,0
375672,216,0
376032,360,0
376272,240,0
376372,100,0
376656,284,0
376876,220,0
377116,240,0
377376,260,0
377820,444,0
378080,260,0
378240,160,0
378440,200,0
378840,400,0
379080,240,0
379160,80,0
379440,280,0
379620,180,0
380040,420,0
380160,120,0
380400,240,0
380640,240,0
381020,380,0
381080,60,0
381340,260,0
381796,456,0
382016,220,0
382276,260,0
382356,80,0
