time,x
0,620
616,616
1236,620
1860,624
2484,624
3104,620
3732,628
4368,636
5008,640
5692,684
6288,596
6936,648
7584,648
8276,692
8872,596
9520,648
10160,640
10804,644
11440,636
12076,636
12708,632
13340,632
13972,632
14600,628
15280,680
15868,588
16508,640
17144,636
17796,652
18444,648
19092,648
19792,700
