time,x,y
0,620,0
616,616,0
1236,620,0
1860,624,0
2484,624,0
3104,620,0
3732,628,1
4368,636,1
5008,640,1
5692,684,1
6288,596,1
6936,648,1
7584,648,1
8276,692,1
8872,596,1
9520,648,1
10160,640,1
10804,644,1
11440,636,1
12076,636,0
12708,632,0
13340,632,1
13972,632,1
14600,628,1
15280,680,1
15868,588,1
16508,640,1
17144,636,1
17796,652,0
18444,648,0
19092,648,0
19792,700,0
