time,x
0,796
876,876
1712,836
2476,764
3312,836
4216,904
5016,800
5940,924
6736,796
7576,840
8488,912
9340,852
10180,840
11012,832
11840,828
12592,752
13464,872
14268,804
15076,808
15904,828
16668,764
17548,880
18384,836
19232,848
20084,852
20928,844
21780,852
22564,784
23388,824
24260,872
25008,748
25832,824
26668,836
27468,800
28044,576
28372,328
29036,664
29548,512
29812,264
30572,760
31344,772
32120,776
32860,740
33652,792
34544,892
35352,808
36228,876
37112,884
38020,908
38892,872
39776,884
40660,884
41536,876
42432,896
43336,904
44156,820
45092,936
45924,832
46848,924
47660,812
48512,852
49340,828
50204,864
51040,836
51840,800
52728,888
53580,852
54388,808
55220,832
56132,912
56996,864
57832,836
58640,808
59512,872
60360,848
61236,876
62112,876
63012,900
63812,800
64740,928
65528,788
66388,860
67308,920
68144,836
68948,804
69868,920
70676,808
71576,900
72380,804
73248,868
74152,904
74964,812
75828,864
76724,896
77576,852
78376,800
79260,884
80112,852
80912,800
81796,884
82652,856
83456,804
84340,884
85184,844
86020,836
86844,824
87620,776
88512,892
89336,824
90188,852
91044,856
91872,828
92716,844
93560,844
94396,836
95232,836
96028,796
96848,820
97724,876
98548,824
99328,780
100184,856
100952,768
101828,876
102596,768
103476,880
104300,824
105056,756
105932,876
106764,832
107528,764
108400,872
109232,832
110056,824
110820,764
111720,900
112564,844
113392,828
114240,848
115044,804
115928,884
116776,848
117624,848
118392,768
119280,888
120132,852
120900,768
121780,880
122616,836
123464,848
124236,772
125136,900
125924,788
126812,888
127664,852
128504,840
129276,772
130172,896
130952,780
131764,812
132660,896
133432,772
134292,860
135056,764
135920,864
136664,744
137544,880
138376,832
139188,812
139964,776
140860,896
141672,812
142504,832
143340,836
144164,824
144988,824
145752,764
146560,808
147416,856
148180,764
149036,856
149840,804
150660,820
151496,836
152324,828
153160,836
153956,796
154768,812
155644,876
156492,848
157316,824
158084,768
158980,896
159812,832
160620,808
161448,828
162292,844
163056,764
163888,832
164720,832
165580,860
166384,804
167188,804
167920,732
168768,848
169576,808
170376,800
171180,804
171992,812
172760,768
173628,868
174448,820
175204,756
176020,816
176896,876
177656,760
178508,852
179324,816
180080,756
180948,868
181776,828
182544,768
183408,864
184172,764
185056,884
185868,812
186656,788
187504,848
188388,884
189244,856
190040,796
190864,824
191764,900
192616,852
193448,832
194280,832
195124,844
195956,832
196780,824
197572,792
198404,832
199224,820
200108,884
200872,764
201728,856
202544,816
203380,836
204196,816
205024,828
205860,836
206628,768
207508,880
208284,776
209100,816
209968,868
210788,820
211620,832
212436,816
213252,816
214080,828
214916,836
215724,808
216496,772
217388,892
218200,812
219016,816
219848,832
220600,752
221456,856
222224,768
223096,872
223896,800
224704,808
225528,824
226348,820
227200,852
228044,844
228872,828
229716,844
230572,856
231332,760
232124,792
232952,828
233792,840
234652,860
235536,884
236400,864
237284,884
238212,928
239036,824
239884,848
240768,884
241636,868
242476,840
243336,860
244216,880
245076,860
245924,848
246804,880
247696,892
248552,856
249440,888
250304,864
251232,928
252040,808
252920,880
253772,852
254612,840
255468,856
256340,872
257264,924
258120,856
258920,800
259764,844
260648,884
261468,820
262248,780
264628,2380
265392,764
266232,840
266976,744
267828,852
268628,800
269448,820
270188,740
271020,832
271860,840
272752,892
273624,872
274396,772
275312,916
276120,808
276928,808
277784,856
278604,820
279356,752
280264,908
281116,852
281980,864
282764,784
283604,840
284444,840
285352,908
286140,788
286980,840
287920,940
288804,884
289584,780
290460,876
291332,872
292272,940
293104,832
293960,856
294868,908
295756,888
296652,896
297508,856
298416,908
299300,884
300236,936
301052,816
301916,864
302796,880
303640,844
304536,896
305440,904
306340,900
307224,884
308136,912
309012,876
309864,852
310800,936
311660,860
312508,848
313300,792
314168,868
315104,936
315896,792
316768,872
317692,924
318504,812
319348,844
320268,920
321152,884
322032,880
322900,868
323784,884
324620,836
325528,908
326372,844
327316,944
328112,796
329008,896
329884,876
330824,940
331684,860
332564,880
333384,820
334260,876
335152,892
336024,872
336972,948
337780,808
338728,948
339560,832
340424,864
341308,884
342256,948
343080,824
343932,852
344872,940
345768,896
346584,816
347448,864
348384,936
349276,892
350076,800
350944,868
351824,880
352700,876
353536,836
354468,932
355356,888
356256,900
357048,792
357960,912
358820,860
359600,780
360480,880
361324,844
362176,852
362960,784
363820,860
364672,852
365604,932
366400,796
367280,880
368148,868
369012,864
369872,860
370808,936
371620,812
372464,844
373388,924
374192,804
375024,832
375924,900
376704,780
377528,824
378344,816
379180,836
380040,860
380872,832
381736,864
382668,932
383532,864
384392,860
385276,884
386108,832
386944,836
387860,916
388732,872
389532,800
390372,840
391292,920
392164,872
392948,784
393880,932
394748,868
395560,812
396480,920
397360,880
398184,824
399036,852
399924,888
400880,956
401740,860
402620,880
403492,872
404384,892
404796,412
404960,164
405156,196
405812,656
406096,284
406204,108
406792,588
407012,220
407596,584
407824,228
408352,528
409160,808
409956,796
410688,732
411484,796
412348,864
413172,824
413960,788
414784,824
415644,860
416500,856
417344,844
418216,872
419160,944
420020,860
420868,848
421680,812
422472,792
423220,748
424096,876
424844,748
425720,876
426560,840
427432,872
428284,852
429156,872
430040,884
430888,848
431800,912
432620,820
433444,824
434312,868
435048,736
435804,756
436568,764
437316,748
438072,756
438816,744
439608,792
440296,688
440512,216
440860,348
440984,124
441184,200
441788,604
441872,84
442184,312
442504,320
442732,228
442932,200
443788,856
444564,776
445120,556
445548,428
445636,88
445888,252
446576,688
447284,708
447592,308
448016,424
449244,1228
449404,160
450144,740
450412,268
450952,540
452120,1168
452320,200
452656,336
452860,204
453168,308
454524,1356
455132,608
455380,248
455716,336
455780,64
456040,260
456716,676
457076,360
457240,164
457680,440
457808,128
458108,300
458404,296
458496,92
459140,644
459908,768
460292,384
460524,232
460756,232
461920,1164
462576,656
462848,272
463224,376
463868,644
464452,584
465084,632
465588,504
465776,188
466064,288
466364,300
466992,628
467620,628
468268,648
468916,648
469552,636
470180,628
470808,628
471436,628
471900,464
472316,416
472380,64
472652,272
473328,676
473944,616
475028,1084
475156,128
475704,548
476356,652
476956,600
477556,600
478124,568
478320,196
478700,380
479132,432
479384,252
480480,1096
480756,276
480812,56
481072,260
481676,604
481968,292
482112,144
482324,212
482632,308
483748,1116
483908,160
484036,128
484476,440
484696,220
485344,648
485616,272
485760,144
486112,352
486444,332
487036,592
487672,636
488224,552
489452,1228
490084,632
490752,668
491168,416
491256,88
491436,180
492084,648
492744,660
493416,672
494140,724
494284,144
494416,132
494764,348
495412,648
496076,664
496736,660
497396,660
497704,308
498060,356
498384,324
498864,480
499080,216
499308,228
499432,124
500072,640
500348,276
500700,352
501936,1236
502232,296
502504,272
502716,212
503068,352
503124,56
503744,620
504084,340
504108,24
504408,300
504720,312
504872,152
505676,804
506368,692
506740,372
506952,212
507556,604
507652,96
508244,592
508704,460
508936,232
509196,260
509476,280
509568,92
509860,292
510088,228
510764,676
511240,476
511372,132
512012,640
512412,400
512656,244
512924,268
513284,360
513332,48
513564,232
513876,312
514028,152
514444,416
514572,128
514968,396
515032,64
515424,392
515744,320
516352,608
516964,612
517564,600
517868,304
518184,316
518368,184
518704,336
518948,244
518988,40
519456,468
520016,560
520636,620
520956,320
521044,88
521604,560
522164,560
522288,124
522628,340
522888,260
523188,300
523260,72
523712,452
524040,328
524380,340
524964,584
525192,228
525612,420
525656,44
526260,604
526480,220
526832,352
527084,252
527240,156
527472,232
528348,876
528760,412
528936,176
529624,688
530272,648
530928,656
531372,444
531424,52
532236,812
532884,648
533100,216
533452,352
534284,832
534912,628
535572,660
536300,728
536360,60
536700,340
537072,372
537208,136
537384,176
537668,284
537888,220
538276,388
538632,356
539028,396
539540,512
540360,820
541112,752
541396,284
541812,416
542520,708
543232,712
543396,164
543640,244
543896,256
544616,720
545364,748
546028,664
546764,736
547468,704
548196,728
548920,724
549640,720
550388,748
551128,740
551848,720
552584,736
553356,772
554096,740
554840,744
555596,756
556268,672
556996,728
557732,736
558464,732
559200,736
559952,752
560716,764
561452,736
562268,816
562952,684
563740,788
564428,688
565148,720
565848,700
566584,736
567292,708
568032,740
568800,768
569024,224
569088,64
569440,352
570128,688
570308,180
570696,388
571032,336
571724,692
572424,700
573136,712
573856,720
574516,660
575284,768
576008,724
576748,740
577496,748
578180,684
578924,744
579744,820
580448,704
581188,740
581988,800
582696,708
583532,836
584312,780
585024,712
585748,724
586484,736
587188,704
587892,704
588624,732
589348,724
590108,760
590880,772
591644,764
592460,816
592876,416
593164,288
593884,720
594648,764
595300,652
596056,756
596340,284
596384,44
596708,324
597444,736
598184,740
598920,736
599732,812
600440,708
601188,748
601948,760
602700,752
603448,748
604180,732
604984,804
605460,476
605744,284
606012,268
606528,516
606956,428
607160,204
607864,704
608636,772
609348,712
609632,284
610076,444
610304,228
610804,500
611464,660
611888,424
612176,288
612956,780
613676,720
614144,468
614484,340
614980,496
615688,708
616132,444
616276,144
616700,424
617388,688
617472,84
617908,436
618588,680
618744,156
619208,464
619888,680
620264,376
620524,260
620852,328
621116,264
621600,484
621732,132
622768,1036
623036,268
623200,164
623980,780
624668,688
625404,736
626044,640
626724,680
627420,696
628080,660
628760,680
629432,672
630136,704
630836,700
631536,700
632312,776
633776,1464
633924,148
634280,356
634600,320
635052,452
635516,464
635588,72
636372,784
637696,1324
637828,132
638200,372
638324,124
640144,1820
640568,424
640916,348
641376,460
641556,180
642140,584
642784,644
643476,692
643992,516
644724,732
645388,664
646040,652
646760,720
647404,644
648120,716
648656,536
648704,48
649100,396
650068,968
650388,320
650468,80
651040,572
651312,272
651496,184
651748,252
652188,440
652472,284
653148,676
653708,560
654072,364
654136,64
654616,480
655364,748
656116,752
658020,1904
658336,316
659572,1236
659800,228
660328,528
660692,364
661840,1148
662528,688
662764,236
662808,44
664508,1700
665028,520
665336,308
665720,384
665856,136
666132,276
666308,176
666944,636
667720,776
668196,476
668276,80
669340,1064
669844,504
670032,188
670572,540
670960,388
671708,748
672060,352
672492,432
672680,188
673240,560
673552,312
673948,396
674040,92
674788,748
675400,612
675564,164
676300,736
676828,528
677044,216
677796,752
678532,736
679328,796
680792,1464
681528,736
682280,752
682748,468
683032,284
683568,536
683704,136
684576,872
684968,392
685348,380
685436,88
685988,552
686880,892
687604,724
687800,196
687988,188
688300,312
688460,160
688792,332
688860,68
689244,384
690056,812
690216,160
690480,264
690808,328
690972,164
691236,264
691364,128
691772,408
691956,184
692152,196
692456,304
693112,656
693548,436
694120,572
694384,264
694648,264
695136,488
695596,460
695980,384
696252,272
696424,172
696612,188
697016,404
697172,156
697364,192
698236,872
698628,392
698800,172
699248,448
699316,68
699572,256
700156,584
700288,132
700524,236
701072,548
701892,820
702236,344
702648,412
703364,716
704204,840
705696,1492
706444,748
707268,824
707736,468
708040,304
708396,356
708652,256
709332,680
709472,140
709944,472
710080,136
710184,104
710460,276
710704,244
710972,268
711812,840
711932,120
712524,592
712792,268
713008,216
713280,272
713932,652
714620,688
715336,716
716120,784
716804,684
717540,736
718328,788
719140,812
719960,820
720808,848
721520,712
722284,764
723024,740
723832,808
724612,780
725348,736
726140,792
726908,768
727720,812
728592,872
729360,768
730224,864
730996,772
731816,820
732608,792
733476,868
734232,756
735120,888
735880,760
736700,820
737576,876
738380,804
739188,808
739988,800
740768,780
741540,772
742296,756
743072,776
743840,768
744628,788
745368,740
746188,820
746972,784
747672,700
748492,820
749252,760
750024,772
750768,744
751500,732
752196,696
752460,264
753004,544
753748,744
754500,752
755224,724
755996,772
756752,756
757528,776
758304,776
759056,752
759808,752
760564,756
761368,804
762056,688
762332,276
762504,172
762796,292
763532,736
764264,732
764996,732
765708,712
767128,1420
767824,696
768492,668
769116,624
769308,192
769596,288
769916,320
770540,624
771088,548
771264,176
771892,628
772624,732
773296,672
773912,616
774596,684
775332,736
775984,652
776268,284
776696,428
777396,700
777840,444
778132,292
778872,740
